0		11013157.000000
1		6877988.000000
2		6617173.000000
3		6443247.000000
4		6420982.000000
5		6536945.000000
6		6494738.000000
7		6524734.000000
8		6412276.000000
9		6866763.000000
10		6432604.000000
11		6426822.000000
12		6516475.000000
13		6439210.000000
14		6409004.000000
15		6455523.000000
16		6428114.000000
17		6430778.000000
18		6419258.000000
19		6421476.000000
20		6423715.000000
21		6519793.000000
22		6407277.000000
23		6507408.000000
24		6529243.000000
25		6711314.000000
26		6443515.000000
27		6433548.000000
28		6427692.000000
29		6432950.000000
30		6421243.000000
31		6426637.000000
32		6507335.000000
33		6415019.000000
34		6504794.000000
35		6536054.000000
36		6416229.000000
37		6696378.000000
38		6772055.000000
39		6694687.000000
40		6457093.000000
41		6418525.000000
42		6506842.000000
43		7322840.000000
44		6589759.000000
45		6661570.000000
46		6414406.000000
47		7635247.000000
48		6517111.000000
49		6583669.000000
50		7713533.000000
51		6705197.000000
52		6552565.000000
53		6626783.000000
54		6649276.000000
55		6526212.000000
56		6511603.000000
57		6673894.000000
58		7176741.000000
59		6867879.000000
60		7060323.000000
61		7168162.000000
62		7295392.000000
63		7366671.000000
64		7049579.000000
65		7331331.000000
66		7030478.000000
67		6901800.000000
68		6934279.000000
69		6919390.000000
70		6878387.000000
71		7137098.000000
72		6800657.000000
73		6935653.000000
74		6909808.000000
75		6877728.000000
76		7185674.000000
77		6852422.000000
78		6869492.000000
79		6920919.000000
80		6946132.000000
81		6906694.000000
82		6932416.000000
83		6916134.000000
84		6903714.000000
85		6882898.000000
86		7394458.000000
87		7219449.000000
88		6924955.000000
89		6890799.000000
90		6922583.000000
91		7045074.000000
92		6913587.000000
93		7034443.000000
94		6932310.000000
95		6866791.000000
96		6890539.000000
97		6893915.000000
98		6934701.000000
99		6653254.000000
100		6818937.000000
101		6514864.000000
102		6488403.000000
103		6524739.000000
104		6538985.000000
105		6686258.000000
106		6513789.000000
107		6635854.000000
108		6518300.000000
109		6628726.000000
110		6844175.000000
111		6543158.000000
112		6492302.000000
113		6525761.000000
114		6631298.000000
115		6515504.000000
116		6567289.000000
117		6523516.000000
118		6735817.000000
119		6512873.000000
120		6517747.000000
121		6609010.000000
122		6514520.000000
123		6551173.000000
124		6623796.000000
125		6548918.000000
126		6524854.000000
127		6510090.000000
128		6667618.000000
129		6625271.000000
130		6494496.000000
131		6622644.000000
132		6637140.000000
133		6794630.000000
134		7816712.000000
135		7100829.000000
136		7236518.000000
137		6973930.000000
138		7090163.000000
139		7049910.000000
140		6951912.000000
141		7265790.000000
142		7235758.000000
143		7187463.000000
144		7123858.000000
145		6927586.000000
146		6850967.000000
147		7100202.000000
148		7000500.000000
149		7057137.000000
150		7242708.000000
151		7032019.000000
152		6903285.000000
153		6885989.000000
154		6911890.000000
155		7322671.000000
156		6928545.000000
157		6896390.000000
158		7134327.000000
159		7107635.000000
160		7040364.000000
161		7039404.000000
162		6927953.000000
163		6989487.000000
164		7060641.000000
165		7040449.000000
166		6937502.000000
167		6888748.000000
168		6921367.000000
169		7040543.000000
170		6904418.000000
171		6880623.000000
172		6918499.000000
173		7034109.000000
174		6912009.000000
175		6855538.000000
176		6925891.000000
177		7058259.000000
178		6927875.000000
179		7156144.000000
180		6929458.000000
181		6865223.000000
182		6913699.000000
183		6939278.000000
184		6947579.000000
185		6941465.000000
186		6925395.000000
187		6845078.000000
188		6902754.000000
189		6923785.000000
190		6988935.000000
191		6913034.000000
192		6877878.000000
193		7031146.000000
194		7036801.000000
195		6836601.000000
196		6878566.000000
197		7059250.000000
198		7485083.000000
199		7081891.000000
200		7176889.000000
201		6885871.000000
202		7021947.000000
203		7109640.000000
204		6971207.000000
205		6518568.000000
206		6486982.000000
207		6746711.000000
208		7997876.000000
209		6733616.000000
210		7273289.000000
211		6829885.000000
212		6546392.000000
213		6735391.000000
214		6510534.000000
215		6633038.000000
216		6487099.000000
217		6629559.000000
218		6509686.000000
219		6641437.000000
220		6520543.000000
221		6969075.000000
222		6534551.000000
223		6517318.000000
224		6519312.000000
225		6643389.000000
226		7247371.000000
227		7916575.000000
228		7113025.000000
229		6935322.000000
230		6898619.000000
231		6919259.000000
232		7395051.000000
233		6950742.000000
234		6906020.000000
235		6874202.000000
236		6855103.000000
237		6913035.000000
238		6906358.000000
239		6879315.000000
240		6986266.000000
241		7380467.000000
242		6949645.000000
243		7247640.000000
244		7000547.000000
245		6935409.000000
246		6933732.000000
247		6951534.000000
248		6842261.000000
249		6876004.000000
250		7394130.000000
251		7018874.000000
252		6922065.000000
253		6883493.000000
254		6999980.000000
255		6937628.000000
256		6857265.000000
257		6903605.000000
258		6875238.000000
259		6919563.000000
260		7000715.000000
261		6908027.000000
262		6860694.000000
263		7037608.000000
264		7032747.000000
265		7066023.000000
266		8422318.000000
267		7473345.000000
268		6957948.000000
269		6934598.000000
270		7747570.000000
271		6564499.000000
272		6754003.000000
273		6573743.000000
274		6652174.000000
275		6501021.000000
276		6654470.000000
277		6517634.000000
278		6528092.000000
279		6504768.000000
280		6542807.000000
281		6523487.000000
282		7843745.000000
283		6936585.000000
284		7041849.000000
285		6919293.000000
286		6920238.000000
287		7525291.000000
288		7024408.000000
289		7029715.000000
290		6932470.000000
291		6886213.000000
292		6926472.000000
293		7189170.000000
294		7232411.000000
295		7609323.000000
296		7180391.000000
297		7304022.000000
298		6962804.000000
299		6956739.000000
300		7326569.000000
301		6661669.000000
302		6536969.000000
303		6692128.000000
304		7488593.000000
305		7351616.000000
306		7153932.000000
307		7435292.000000
308		7296844.000000
309		7744252.000000
310		7232629.000000
311		7266074.000000
312		7246725.000000
313		7141278.000000
314		7666969.000000
315		6947305.000000
316		7265923.000000
317		7230090.000000
318		7220756.000000
319		7290038.000000
320		6891528.000000
321		6941348.000000
322		6949585.000000
323		7116333.000000
324		7109795.000000
325		7221214.000000
326		7110350.000000
327		6902171.000000
328		6940391.000000
329		6939046.000000
330		7466349.000000
331		6996509.000000
332		6877750.000000
333		7013757.000000
334		7075448.000000
335		7001338.000000
336		6995595.000000
337		6987656.000000
338		7145642.000000
339		7272888.000000
340		6945358.000000
341		7165493.000000
342		7133179.000000
343		7057131.000000
344		6687429.000000
345		6982659.000000
346		6630071.000000
347		6698376.000000
348		6582200.000000
349		6594126.000000
350		6863512.000000
351		6887316.000000
352		7204204.000000
353		7093617.000000
354		7023865.000000
355		6999685.000000
356		7001020.000000
357		7094477.000000
358		6722789.000000
359		6896522.000000
360		6885654.000000
361		6872342.000000
362		7204649.000000
363		7075218.000000
364		7021314.000000
365		7073659.000000
366		6946951.000000
367		6860503.000000
368		6939518.000000
369		7161421.000000
370		9567082.000000
371		9646805.000000
372		8855115.000000
373		7140331.000000
374		7064080.000000
375		10982369.000000
376		9028944.000000
377		7631924.000000
378		7325187.000000
379		7068933.000000
380		7281889.000000
381		7112676.000000
382		7468409.000000
383		7275966.000000
384		7231814.000000
385		7431761.000000
386		6962012.000000
387		7502276.000000
388		7275386.000000
389		7562923.000000
390		6987944.000000
391		7329072.000000
392		7153917.000000
393		7100912.000000
394		7512848.000000
395		7232427.000000
396		7330708.000000
397		7473070.000000
398		7337679.000000
399		7478906.000000
400		7537616.000000
401		6885454.000000
402		6893973.000000
403		6963752.000000
404		6872614.000000
405		6869380.000000
406		7057698.000000
407		6955376.000000
408		6936970.000000
409		6928309.000000
410		7317620.000000
411		7531772.000000
412		7144881.000000
413		6912147.000000
414		7096446.000000
415		7255703.000000
416		7237481.000000
417		7288059.000000
418		7334464.000000
419		7269132.000000
420		7413276.000000
421		7716590.000000
422		7296864.000000
423		7300572.000000
424		6985455.000000
425		7231607.000000
426		7256867.000000
427		7258079.000000
428		7007168.000000
429		7318514.000000
430		7083997.000000
431		6953349.000000
432		6889382.000000
433		7022463.000000
434		6951446.000000
435		7174851.000000
436		7041629.000000
437		7310360.000000
438		6879485.000000
439		6877504.000000
440		6983036.000000
441		6971972.000000
442		6877070.000000
443		6910210.000000
444		6894330.000000
445		7120467.000000
446		7112535.000000
447		7345409.000000
448		7254258.000000
449		7170533.000000
450		7254024.000000
451		6943771.000000
452		7229999.000000
453		7060198.000000
454		7064032.000000
455		7047084.000000
456		7062664.000000
457		7048930.000000
458		7224153.000000
459		7201843.000000
460		7211372.000000
461		6943252.000000
462		6881155.000000
463		6741330.000000
464		7908690.000000
465		8902094.000000
466		9536440.000000
467		8163794.000000
468		9346300.000000
469		9461016.000000
470		8899816.000000
471		8416700.000000
472		7224934.000000
473		7457976.000000
474		7068499.000000
475		7031676.000000
476		7131128.000000
477		7110177.000000
478		7386216.000000
479		7083198.000000
480		7116160.000000
481		7616500.000000
482		7188359.000000
483		7270398.000000
484		7321073.000000
485		7107770.000000
486		7118189.000000
487		7082428.000000
488		6993716.000000
489		6961018.000000
490		6929696.000000
491		6970663.000000
492		6931171.000000
493		6927088.000000
494		6905078.000000
495		7044881.000000
496		6926628.000000
497		6922256.000000
498		6848835.000000
499		6899272.000000
500		7234873.000000
501		6787414.000000
502		6929178.000000
503		6935060.000000
504		6947591.000000
505		6940387.000000
506		6932377.000000
507		6906440.000000
508		6924918.000000
509		7049419.000000
510		7038030.000000
511		6860456.000000
512		6917465.000000
513		7722215.000000
514		7038478.000000
515		6805352.000000
516		6532051.000000
517		6509515.000000
518		6617954.000000
519		6617711.000000
520		6516640.000000
521		7044826.000000
522		7016460.000000
523		6922569.000000
524		6876633.000000
525		6911355.000000
526		6587610.000000
527		6515353.000000
528		6530349.000000
529		6506241.000000
530		6600666.000000
531		6507506.000000
532		6649352.000000
533		6503941.000000
534		6502043.000000
535		6488632.000000
536		6481027.000000
537		6865086.000000
538		6534061.000000
539		6528056.000000
540		6492471.000000
541		6638011.000000
542		6721684.000000
543		6486351.000000
544		6515379.000000
545		6926414.000000
546		7553720.000000
547		6910934.000000
548		7082692.000000
549		7401803.000000
550		7352500.000000
551		7016549.000000
552		7235094.000000
553		6970400.000000
554		7034910.000000
555		6856248.000000
556		6924881.000000
557		7069486.000000
558		7315191.000000
559		6956219.000000
560		6910566.000000
561		6934213.000000
562		6970979.000000
563		6944321.000000
564		6913901.000000
565		6922469.000000
566		6917865.000000
567		6949285.000000
568		6920548.000000
569		6922198.000000
570		6869786.000000
571		6926864.000000
572		6884100.000000
573		6877919.000000
574		7040504.000000
575		6863129.000000
576		6854453.000000
577		6904854.000000
578		6849049.000000
579		6875963.000000
580		7045915.000000
581		7045302.000000
582		6929769.000000
583		7040097.000000
584		6783214.000000
585		7734253.000000
586		7166926.000000
587		7758129.000000
588		7234285.000000
589		7431376.000000
590		7392846.000000
591		6939276.000000
592		6906784.000000
593		6863287.000000
594		6971338.000000
595		7027590.000000
596		6737342.000000
597		7021805.000000
598		7014600.000000
599		6848075.000000
600		7191601.000000
601		6927112.000000
602		7120239.000000
603		6939171.000000
604		6924353.000000
605		6855933.000000
606		7316377.000000
607		6968795.000000
608		6951736.000000
609		6897644.000000
610		6933130.000000
611		7481779.000000
612		7048023.000000
613		6930316.000000
614		6913125.000000
615		6908886.000000
616		7208287.000000
617		6902143.000000
618		6915009.000000
619		6968058.000000
620		6933932.000000
621		6889053.000000
622		7050113.000000
623		6940689.000000
624		6530542.000000
625		6628902.000000
626		6550392.000000
627		6525566.000000
628		6614486.000000
629		6495078.000000
630		6696936.000000
631		6754864.000000
632		6992073.000000
633		6555181.000000
634		6653619.000000
635		6521929.000000
636		6502947.000000
637		6508357.000000
638		6506412.000000
639		6724523.000000
640		6514507.000000
641		6507582.000000
642		6523248.000000
643		6496046.000000
644		6911172.000000
645		6654453.000000
646		7296650.000000
647		6518260.000000
648		7285068.000000
649		6567026.000000
650		6831721.000000
651		6730955.000000
652		6498999.000000
653		6528544.000000
654		6679588.000000
655		6640904.000000
656		6484160.000000
657		6526171.000000
658		6630771.000000
659		6516926.000000
660		6514950.000000
661		6510605.000000
662		6499550.000000
663		6511647.000000
664		6517965.000000
665		6531479.000000
666		6637251.000000
667		6637132.000000
668		6993745.000000
669		7193900.000000
670		6856684.000000
671		7110762.000000
672		7035626.000000
673		6935137.000000
674		7042014.000000
675		6859795.000000
676		6873722.000000
677		6934043.000000
678		6937232.000000
679		6886146.000000
680		6918994.000000
681		6862501.000000
682		6859244.000000
683		6920639.000000
684		6909163.000000
685		6903357.000000
686		6873071.000000
687		6916399.000000
688		7266310.000000
689		7158953.000000
690		6930710.000000
691		7060914.000000
692		6875135.000000
693		7667859.000000
694		6968534.000000
695		6705720.000000
696		6524817.000000
697		6635677.000000
698		6513309.000000
699		6827339.000000
700		6844689.000000
701		6481098.000000
702		6718549.000000
703		6497290.000000
704		6518612.000000
705		6520657.000000
706		6484304.000000
707		6730901.000000
708		7015042.000000
709		7436824.000000
710		7669321.000000
711		7263187.000000
712		7427087.000000
713		7022447.000000
714		7026445.000000
715		7211139.000000
716		6887443.000000
717		6914014.000000
718		6850134.000000
719		6879717.000000
720		6846602.000000
721		7037605.000000
722		6933676.000000
723		7029167.000000
724		6928094.000000
725		6912985.000000
726		6840780.000000
727		6913027.000000
728		6885563.000000
729		7530582.000000
730		7087944.000000
731		6980504.000000
732		6939298.000000
733		7033441.000000
734		6859615.000000
735		6856226.000000
736		6920852.000000
737		6871112.000000
738		7021442.000000
739		7542280.000000
740		7132072.000000
741		7807426.000000
742		7216877.000000
743		6976046.000000
744		6879064.000000
745		6912915.000000
746		6906316.000000
747		6884302.000000
748		6883732.000000
749		6964949.000000
750		7306045.000000
751		6921318.000000
752		6943607.000000
753		6939300.000000
754		6879964.000000
755		6905816.000000
756		6955596.000000
757		6900959.000000
758		6925722.000000
759		7043727.000000
760		6925268.000000
761		6956503.000000
762		6918880.000000
763		6523172.000000
764		6531626.000000
765		6506779.000000
766		6633890.000000
767		7053698.000000
768		6900751.000000
769		6824882.000000
770		6917851.000000
771		6763903.000000
772		6520090.000000
773		7310146.000000
774		6824327.000000
775		6502263.000000
776		6533621.000000
777		6511066.000000
778		6648215.000000
779		6867375.000000
780		6537698.000000
781		6498402.000000
782		6613979.000000
783		6746239.000000
784		6516535.000000
785		6800163.000000
786		6889120.000000
787		6922057.000000
788		6878347.000000
789		7008748.000000
790		6913265.000000
791		6917282.000000
792		7028146.000000
793		6914030.000000
794		6899250.000000
795		6925357.000000
796		7034272.000000
797		6933589.000000
798		6941767.000000
799		6802539.000000
800		7223439.000000
801		6922234.000000
802		6919386.000000
803		6909518.000000
804		6905601.000000
805		7177218.000000
806		6872588.000000
807		6894624.000000
808		6920429.000000
809		6865947.000000
810		7028947.000000
811		6935058.000000
812		7025062.000000
813		6908925.000000
814		6905851.000000
815		6864138.000000
816		6898499.000000
817		6935833.000000
818		6864364.000000
819		6914046.000000
820		6918797.000000
821		6969729.000000
822		6975480.000000
823		6885545.000000
824		7227887.000000
825		6882894.000000
826		7060587.000000
827		7256727.000000
828		7169752.000000
829		6984551.000000
830		6988789.000000
831		7169266.000000
832		7192454.000000
833		7102590.000000
834		6897115.000000
835		7194429.000000
836		7240176.000000
837		7064853.000000
838		7109778.000000
839		7001509.000000
840		7333822.000000
841		7130052.000000
842		6986906.000000
843		7331518.000000
844		7364385.000000
845		7121189.000000
846		6905502.000000
847		7091114.000000
848		6815123.000000
849		7284108.000000
850		7543002.000000
851		6941578.000000
852		6860519.000000
853		6929212.000000
854		6868537.000000
855		6856495.000000
856		7271667.000000
857		6920897.000000
858		6821581.000000
859		6882571.000000
860		6877968.000000
861		6896420.000000
862		6875705.000000
863		7037978.000000
864		7023046.000000
865		6955781.000000
866		7097874.000000
867		7277299.000000
868		7143577.000000
869		7033512.000000
870		7164212.000000
871		7027769.000000
872		7009143.000000
873		6930047.000000
874		7145164.000000
875		7159708.000000
876		6979879.000000
877		6791665.000000
878		6545990.000000
879		6500722.000000
880		6992321.000000
881		7059978.000000
882		7032521.000000
883		6904315.000000
884		6911004.000000
885		6890126.000000
886		6840853.000000
887		7044142.000000
888		6878484.000000
889		6924548.000000
890		7028972.000000
891		6968963.000000
892		6907109.000000
893		6847623.000000
894		6923078.000000
895		6844169.000000
896		6913895.000000
897		6915186.000000
898		7545627.000000
899		6801311.000000
900		7125768.000000
901		6660469.000000
902		7650797.000000
903		6888530.000000
904		6936765.000000
905		6674300.000000
906		6686221.000000
907		6653946.000000
908		6700667.000000
909		6588284.000000
910		6788531.000000
911		6774174.000000
912		6556103.000000
913		6574726.000000
914		6673123.000000
915		6553267.000000
916		6545803.000000
917		6685763.000000
918		6597918.000000
919		6913974.000000
920		7026408.000000
921		6668138.000000
922		6698651.000000
923		6591937.000000
924		6868183.000000
925		7057904.000000
926		7249782.000000
927		6748257.000000
928		6695420.000000
929		6586921.000000
930		6630918.000000
931		6687053.000000
932		6798646.000000
933		6904369.000000
934		6685926.000000
935		6809585.000000
936		6566247.000000
937		6669103.000000
938		6561695.000000
939		6820491.000000
940		7096353.000000
941		6706168.000000
942		6978007.000000
943		6571896.000000
944		6808815.000000
945		6670110.000000
946		6694097.000000
947		6567295.000000
948		6709328.000000
949		6694405.000000
950		7243244.000000
951		6629385.000000
952		6767247.000000
953		6679142.000000
954		6567232.000000
955		6690575.000000
956		6568051.000000
957		6678672.000000
958		6565090.000000
959		6566268.000000
960		6582773.000000
961		6677424.000000
962		6928593.000000
963		6784894.000000
964		6677604.000000
965		6544570.000000
966		6713625.000000
967		6688830.000000
968		6577332.000000
969		6655110.000000
970		6570952.000000
971		6581666.000000
972		6976260.000000
973		6702837.000000
974		6569578.000000
975		6683075.000000
976		6658972.000000
977		6685741.000000
978		6684434.000000
979		6559046.000000
980		6928139.000000
981		6667731.000000
982		6808870.000000
983		6920102.000000
984		6597101.000000
985		6586220.000000
986		6788760.000000
987		6685697.000000
988		6711798.000000
989		6685117.000000
990		6685672.000000
991		6686140.000000
992		6580346.000000
993		6561140.000000
994		6585940.000000
995		6576370.000000
996		6765237.000000
997		6668772.000000
998		6564703.000000
999		6553589.000000
1000		6890017.000000
1001		6568366.000000
1002		6688121.000000
1003		6558901.000000
1004		7051755.000000
1005		6903788.000000
1006		6686354.000000
1007		6832668.000000
1008		6634390.000000
1009		6962301.000000
1010		6639008.000000
1011		6693851.000000
1012		6682183.000000
1013		6570887.000000
1014		6669494.000000
1015		6708744.000000
1016		6692465.000000
1017		6676867.000000
1018		6568035.000000
1019		6694270.000000
1020		6685596.000000
1021		6569828.000000
1022		6621508.000000
1023		6562852.000000
1024		6586239.000000
1025		6791017.000000
1026		7097910.000000
1027		6830882.000000
1028		7129778.000000
1029		6867319.000000
1030		7260813.000000
1031		6597588.000000
1032		6595014.000000
1033		6570611.000000
1034		6674134.000000
1035		6659585.000000
1036		7238758.000000
1037		6878220.000000
1038		6802065.000000
1039		6555188.000000
1040		6802187.000000
1041		6557410.000000
1042		6575003.000000
1043		6564135.000000
1044		6574021.000000
1045		7091235.000000
1046		6708284.000000
1047		7096304.000000
1048		6506299.000000
1049		6645433.000000
1050		6835037.000000
1051		6626557.000000
1052		6571799.000000
1053		6777352.000000
1054		6534110.000000
1055		6518199.000000
1056		6754454.000000
1057		7038728.000000
1058		6919711.000000
1059		7027680.000000
1060		7037131.000000
1061		6921669.000000
1062		6934917.000000
1063		6926146.000000
1064		6924864.000000
1065		6912844.000000
1066		6909304.000000
1067		6901673.000000
1068		7299621.000000
1069		6903787.000000
1070		7033729.000000
1071		7031070.000000
1072		6978905.000000
1073		6922642.000000
1074		6857447.000000
1075		6961106.000000
1076		6873697.000000
1077		6856157.000000
1078		6887290.000000
1079		6884298.000000
1080		6879652.000000
1081		7240132.000000
1082		6908955.000000
1083		7152105.000000
1084		7156600.000000
1085		6880596.000000
1086		7330246.000000
1087		7225357.000000
1088		7295943.000000
1089		7026579.000000
1090		7100365.000000
1091		7086060.000000
1092		6797121.000000
1093		7024733.000000
1094		7013353.000000
1095		7058981.000000
1096		6650962.000000
1097		6507359.000000
1098		6633513.000000
1099		6960767.000000
1100		6815471.000000
1101		6628699.000000
1102		6738119.000000
1103		6485474.000000
1104		6528019.000000
1105		6507942.000000
1106		6484527.000000
1107		6616493.000000
1108		6507855.000000
1109		6636292.000000
1110		6515424.000000
1111		6602994.000000
1112		6512091.000000
1113		6920981.000000
1114		6993086.000000
1115		7195009.000000
1116		6929339.000000
1117		6882053.000000
1118		6892752.000000
1119		6914607.000000
1120		7036483.000000
1121		6940735.000000
1122		6864362.000000
1123		6918275.000000
1124		6963572.000000
1125		6930772.000000
1126		6912526.000000
1127		6917127.000000
1128		6910024.000000
1129		6841033.000000
1130		6853786.000000
1131		6879112.000000
1132		6876457.000000
1133		6866571.000000
1134		6871893.000000
1135		6975360.000000
1136		6670059.000000
1137		6529044.000000
1138		6536076.000000
1139		6497548.000000
1140		6505561.000000
1141		6746190.000000
1142		6955705.000000
1143		6644276.000000
1144		6591730.000000
1145		6759441.000000
1146		6748649.000000
1147		6513416.000000
1148		6506543.000000
1149		6511962.000000
1150		6810366.000000
1151		7698469.000000
1152		6924427.000000
1153		6867843.000000
1154		6919279.000000
1155		6904765.000000
1156		6881922.000000
1157		7078746.000000
1158		7108487.000000
1159		6942869.000000
1160		7787708.000000
1161		7233359.000000
1162		7216830.000000
1163		6765848.000000
1164		6537379.000000
1165		6738512.000000
1166		6509170.000000
1167		6538020.000000
1168		6517955.000000
1169		6524101.000000
1170		6509496.000000
1171		6523585.000000
1172		6512609.000000
1173		6476523.000000
1174		6505517.000000
1175		6520670.000000
1176		6492590.000000
1177		6523740.000000
1178		6492828.000000
1179		6597810.000000
1180		6661226.000000
1181		6522193.000000
1182		6522230.000000
1183		6659260.000000
1184		6496698.000000
1185		6854794.000000
1186		6909138.000000
1187		7131538.000000
1188		6861562.000000
1189		6561608.000000
1190		7189289.000000
1191		6903811.000000
1192		7090723.000000
1193		7421292.000000
1194		7321414.000000
1195		6937604.000000
1196		6939642.000000
1197		7177063.000000
1198		7440412.000000
1199		7052078.000000
1200		7408188.000000
1201		7153795.000000
1202		7368175.000000
1203		7021614.000000
1204		7029751.000000
1205		7420320.000000
1206		6937217.000000
1207		7040203.000000
1208		7061490.000000
1209		6984150.000000
1210		7079809.000000
1211		7203940.000000
1212		6890350.000000
1213		7001322.000000
1214		6975820.000000
1215		7298154.000000
1216		7119993.000000
1217		6873655.000000
1218		6936277.000000
1219		7285136.000000
1220		7910425.000000
1221		6951978.000000
1222		6854197.000000
1223		6861453.000000
1224		6875321.000000
1225		7260405.000000
1226		6956043.000000
1227		7049387.000000
1228		6929432.000000
1229		6876075.000000
1230		6860735.000000
1231		6928147.000000
1232		7031781.000000
1233		7027549.000000
1234		7036069.000000
1235		7034044.000000
1236		7158075.000000
1237		6858217.000000
1238		6844982.000000
1239		6902871.000000
1240		6898155.000000
1241		6934740.000000
1242		6854459.000000
1243		6909332.000000
1244		6942462.000000
1245		7072164.000000
1246		7212203.000000
1247		6856329.000000
1248		7231296.000000
1249		7377663.000000
1250		7192258.000000
1251		7255628.000000
1252		7031466.000000
1253		7139449.000000
1254		6917082.000000
1255		7628147.000000
1256		6943871.000000
1257		6783872.000000
1258		6527723.000000
1259		6510059.000000
1260		6604432.000000
1261		6494518.000000
1262		6630207.000000
1263		6745518.000000
1264		6764714.000000
1265		21406873.000000
1266		6888254.000000
1267		6569354.000000
1268		6511885.000000
1269		6629870.000000
1270		6510074.000000
1271		6493720.000000
1272		6496714.000000
1273		6610276.000000
1274		6500181.000000
1275		6636779.000000
1276		6520436.000000
1277		6541121.000000
1278		6536564.000000
1279		6637250.000000
1280		6498856.000000
1281		7055808.000000
1282		6539668.000000
1283		6504314.000000
1284		6540756.000000
1285		6617936.000000
1286		6495667.000000
1287		6631012.000000
1288		6908921.000000
1289		7319191.000000
1290		7204616.000000
1291		6989479.000000
1292		7080102.000000
1293		7262755.000000
1294		7018705.000000
1295		6997568.000000
1296		6630200.000000
1297		7490569.000000
1298		7246900.000000
1299		7017394.000000
1300		7415044.000000
1301		6884813.000000
1302		6926568.000000
1303		6901544.000000
1304		6895306.000000
1305		6911916.000000
1306		6848414.000000
1307		6896593.000000
1308		6532475.000000
1309		6755915.000000
1310		6494420.000000
1311		6481151.000000
1312		6505308.000000
1313		6508315.000000
1314		6508880.000000
1315		6516563.000000
1316		6508127.000000
1317		6502340.000000
1318		6628228.000000
1319		6750637.000000
1320		6496721.000000
1321		6883297.000000
1322		7274007.000000
1323		7614899.000000
1324		6957191.000000
1325		6906524.000000
1326		6863655.000000
1327		6872148.000000
1328		6920054.000000
1329		7059960.000000
1330		6973246.000000
1331		6929366.000000
1332		6928687.000000
1333		6934539.000000
1334		6920392.000000
1335		6864717.000000
1336		6885396.000000
1337		6853582.000000
1338		6915636.000000
1339		7004784.000000
1340		6938136.000000
1341		7085554.000000
1342		7392575.000000
1343		8067636.000000
1344		6968026.000000
1345		6958803.000000
1346		6877636.000000
1347		6928625.000000
1348		6924587.000000
1349		6883953.000000
1350		7179565.000000
1351		7035775.000000
1352		6910615.000000
1353		6908670.000000
1354		6869500.000000
1355		6952142.000000
1356		7002636.000000
1357		6891633.000000
1358		6926324.000000
1359		6879578.000000
1360		7033459.000000
1361		6899845.000000
1362		6931052.000000
1363		6855626.000000
1364		6974411.000000
1365		6853578.000000
1366		7854974.000000
1367		6931316.000000
1368		6824893.000000
1369		6728383.000000
1370		6811165.000000
1371		6572258.000000
1372		6562978.000000
1373		6653034.000000
1374		6800760.000000
1375		6684757.000000
1376		6602433.000000
1377		6666377.000000
1378		6574946.000000
1379		7064912.000000
1380		6813166.000000
1381		6565447.000000
1382		6549675.000000
1383		6563496.000000
1384		6549299.000000
1385		6559757.000000
1386		6669393.000000
1387		6906698.000000
1388		6810493.000000
1389		7100340.000000
1390		6719489.000000
1391		6687890.000000
1392		6565035.000000
1393		6617155.000000
1394		6831839.000000
1395		6693246.000000
1396		7158586.000000
1397		6705827.000000
1398		6781302.000000
1399		6683506.000000
1400		6999693.000000
1401		6698876.000000
1402		6712219.000000
1403		6795439.000000
1404		6769433.000000
1405		6567827.000000
1406		6553162.000000
1407		6660190.000000
1408		6666133.000000
1409		6976607.000000
1410		7004390.000000
1411		6595514.000000
1412		6668736.000000
1413		6512807.000000
1414		6794315.000000
1415		6806806.000000
1416		6678931.000000
1417		6575021.000000
1418		6682280.000000
1419		6779193.000000
1420		6679720.000000
1421		6682314.000000
1422		6705459.000000
1423		6573097.000000
1424		7959208.000000
1425		6943099.000000
1426		6607202.000000
1427		6559924.000000
1428		6553964.000000
1429		6674802.000000
1430		7225577.000000
1431		6719236.000000
1432		6788409.000000
1433		6777592.000000
1434		6545135.000000
1435		6673483.000000
1436		6787882.000000
1437		6568898.000000
1438		6775591.000000
1439		6674892.000000
1440		7218270.000000
1441		6812726.000000
1442		6572206.000000
1443		6674967.000000
1444		6558905.000000
1445		7055176.000000
1446		6878017.000000
1447		6610218.000000
1448		6588428.000000
1449		6692360.000000
1450		6985973.000000
1451		6815968.000000
1452		6697354.000000
1453		6807796.000000
1454		6564838.000000
1455		6551131.000000
1456		6543852.000000
1457		6676441.000000
1458		6545059.000000
1459		6788578.000000
1460		6707523.000000
1461		6702170.000000
1462		6726568.000000
1463		6873288.000000
1464		6725505.000000
1465		6807883.000000
1466		7083079.000000
1467		6784879.000000
1468		7284583.000000
1469		6787636.000000
1470		6693911.000000
1471		6956487.000000
1472		7147804.000000
1473		7085940.000000
1474		6663846.000000
1475		6621841.000000
1476		6665224.000000
1477		6795362.000000
1478		6716399.000000
1479		6611619.000000
1480		6681350.000000
1481		6599137.000000
1482		6687223.000000
1483		6665913.000000
1484		6590696.000000
1485		6578037.000000
1486		6663543.000000
1487		6943085.000000
1488		6913278.000000
1489		7038024.000000
1490		7031719.000000
1491		6892383.000000
1492		6881234.000000
1493		6864099.000000
1494		7336223.000000
1495		7109852.000000
1496		6520107.000000
1497		6805786.000000
1498		6533488.000000
1499		6620364.000000
1500		6946744.000000
1501		6532526.000000
1502		6519795.000000
1503		6535366.000000
1504		6578240.000000
1505		7072836.000000
1506		6782314.000000
1507		6506114.000000
1508		6630576.000000
1509		6503207.000000
1510		6623183.000000
1511		7104682.000000
1512		6520511.000000
1513		6522784.000000
1514		6504726.000000
1515		6489474.000000
1516		6513967.000000
1517		6527910.000000
1518		6720918.000000
1519		6607418.000000
1520		6614523.000000
1521		6633281.000000
1522		6607603.000000
1523		6646519.000000
1524		6524594.000000
1525		6563882.000000
1526		7321614.000000
1527		6875420.000000
1528		6930150.000000
1529		7036301.000000
1530		7026148.000000
1531		7023903.000000
1532		6906205.000000
1533		6868104.000000
1534		6858459.000000
1535		6921720.000000
1536		6863198.000000
1537		6942405.000000
1538		6942778.000000
1539		7043269.000000
1540		6882621.000000
1541		7638690.000000
1542		6869849.000000
1543		6946578.000000
1544		6859615.000000
1545		6961738.000000
1546		6948398.000000
1547		6872747.000000
1548		6874769.000000
1549		6902247.000000
1550		7192265.000000
1551		6596571.000000
1552		6527301.000000
1553		6512361.000000
1554		6556133.000000
1555		6659929.000000
1556		6498503.000000
1557		6520771.000000
1558		6490516.000000
1559		6907634.000000
1560		7279532.000000
1561		7549596.000000
1562		6750411.000000
1563		6493680.000000
1564		6518534.000000
1565		6677844.000000
1566		6654069.000000
1567		6566609.000000
1568		6638031.000000
1569		6960419.000000
1570		7469980.000000
1571		7429470.000000
1572		6798168.000000
1573		6880054.000000
1574		7010705.000000
1575		6916616.000000
1576		6912628.000000
1577		7022215.000000
1578		6920290.000000
1579		6934279.000000
1580		6875332.000000
1581		6931457.000000
1582		6869100.000000
1583		7028999.000000
1584		7158064.000000
1585		7075452.000000
1586		6919241.000000
1587		7030187.000000
1588		6967556.000000
1589		6929111.000000
1590		7341474.000000
1591		6869139.000000
1592		6882426.000000
1593		6868674.000000
1594		6967731.000000
1595		6930410.000000
1596		7253006.000000
1597		6656179.000000
1598		6728829.000000
1599		6777316.000000
1600		7005000.000000
1601		6711594.000000
1602		6824515.000000
1603		6734532.000000
1604		6683508.000000
1605		6691170.000000
1606		6586717.000000
1607		6565820.000000
1608		6687330.000000
1609		6686425.000000
1610		6707019.000000
1611		6700013.000000
1612		6792427.000000
1613		6688192.000000
1614		6589745.000000
1615		6690752.000000
1616		6597616.000000
1617		6583021.000000
1618		6588917.000000
1619		6787831.000000
1620		6579465.000000
1621		6596265.000000
1622		6573425.000000
1623		8073175.000000
1624		6891516.000000
1625		6708441.000000
1626		6689402.000000
1627		6579616.000000
1628		6787811.000000
1629		7251369.000000
1630		6707005.000000
1631		6590261.000000
1632		6689814.000000
1633		6681850.000000
1634		6676668.000000
1635		6543286.000000
1636		6548940.000000
1637		6555896.000000
1638		6558128.000000
1639		7094235.000000
1640		6910325.000000
1641		6671213.000000
1642		6565373.000000
1643		6960953.000000
1644		7369893.000000
1645		6851098.000000
1646		6751566.000000
1647		6713192.000000
1648		6581539.000000
1649		6932258.000000
1650		6995069.000000
1651		6685204.000000
1652		6576362.000000
1653		6566163.000000
1654		6672121.000000
1655		6554759.000000
1656		7296303.000000
1657		7148456.000000
1658		7055463.000000
1659		7080947.000000
1660		6685080.000000
1661		6573508.000000
1662		6572725.000000
1663		7063389.000000
1664		6705790.000000
1665		7651354.000000
1666		6749704.000000
1667		6822338.000000
1668		6621093.000000
1669		6575763.000000
1670		6575634.000000
1671		6582952.000000
1672		6568111.000000
1673		6682065.000000
1674		6676244.000000
1675		6674975.000000
1676		6555631.000000
1677		6573544.000000
1678		6725193.000000
1679		6589162.000000
1680		6548351.000000
1681		6690306.000000
1682		6585726.000000
1683		6684966.000000
1684		6682021.000000
1685		6677474.000000
1686		6672839.000000
1687		6709305.000000
1688		6586018.000000
1689		6673271.000000
1690		6667185.000000
1691		6857638.000000
1692		6675899.000000
1693		7362366.000000
1694		6696100.000000
1695		6706146.000000
1696		7072785.000000
1697		6605479.000000
1698		6594027.000000
1699		6596202.000000
1700		6869915.000000
1701		6607315.000000
1702		6678818.000000
1703		6576841.000000
1704		6678501.000000
1705		6575017.000000
1706		7307541.000000
1707		6587661.000000
1708		6587590.000000
1709		6575953.000000
1710		6575451.000000
1711		6670223.000000
1712		6557679.000000
1713		6566796.000000
1714		6650456.000000
1715		6908482.000000
1716		6775111.000000
1717		7197283.000000
1718		6607906.000000
1719		6736606.000000
1720		6657102.000000
1721		6607234.000000
1722		6570219.000000
1723		6668449.000000
1724		6584666.000000
1725		6667977.000000
1726		6578918.000000
1727		6588982.000000
1728		6560781.000000
1729		6651133.000000
1730		6587466.000000
1731		6779291.000000
1732		6780452.000000
1733		6687457.000000
1734		6673092.000000
1735		6893094.000000
1736		6679996.000000
1737		6579830.000000
1738		6692188.000000
1739		6735581.000000
1740		6710914.000000
1741		6558978.000000
1742		6680107.000000
1743		6661377.000000
1744		6775097.000000
1745		6694861.000000
1746		6587726.000000
1747		6584344.000000
1748		6688918.000000
1749		6550842.000000
1750		6977079.000000
1751		6569897.000000
1752		6983636.000000
1753		6718573.000000
1754		6708605.000000
1755		6619279.000000
1756		6566827.000000
1757		6566817.000000
1758		6595881.000000
1759		6692132.000000
1760		6797972.000000
1761		7231100.000000
1762		7256728.000000
1763		6678818.000000
1764		6779343.000000
1765		7069443.000000
1766		6847450.000000
1767		6807350.000000
1768		6691823.000000
1769		6556666.000000
1770		6673117.000000
1771		6812829.000000
1772		6685610.000000
1773		6707043.000000
1774		6681904.000000
1775		6586886.000000
1776		6618908.000000
1777		6578415.000000
1778		6558135.000000
1779		6579792.000000
1780		6692490.000000
1781		6682728.000000
1782		6676789.000000
1783		6718683.000000
1784		6583923.000000
1785		6571373.000000
1786		6563083.000000
1787		6623933.000000
1788		7187983.000000
1789		7159470.000000
1790		6937664.000000
1791		6972673.000000
1792		6793595.000000
1793		6755100.000000
1794		7186479.000000
1795		7166760.000000
1796		6683847.000000
1797		6570125.000000
1798		6575245.000000
1799		6553301.000000
1800		6870335.000000
1801		7218283.000000
1802		6694619.000000
1803		6685045.000000
1804		6569124.000000
1805		6561850.000000
1806		6561816.000000
1807		6561318.000000
1808		6792169.000000
1809		6683730.000000
1810		6776525.000000
1811		6749030.000000
1812		6585014.000000
1813		6667005.000000
1814		7923279.000000
1815		6794331.000000
1816		6607581.000000
1817		6668330.000000
1818		6557719.000000
1819		6673178.000000
1820		7220262.000000
1821		6807332.000000
1822		6669868.000000
1823		6564716.000000
1824		6547409.000000
1825		6563855.000000
1826		6677041.000000
1827		6685144.000000
1828		6570646.000000
1829		6547998.000000
1830		6583036.000000
1831		6794491.000000
1832		6900358.000000
1833		7205288.000000
1834		6661171.000000
1835		6623664.000000
1836		6790033.000000
1837		6578376.000000
1838		6668443.000000
1839		7003925.000000
1840		6582130.000000
1841		6560188.000000
1842		6680625.000000
1843		6580540.000000
1844		6615680.000000
1845		6597410.000000
1846		7090541.000000
1847		6714123.000000
1848		6676946.000000
1849		7073580.000000
1850		6889561.000000
1851		6584669.000000
1852		6555144.000000
1853		6672330.000000
1854		6788184.000000
1855		7801423.000000
1856		6645556.000000
1857		6605979.000000
1858		6705216.000000
1859		6508488.000000
1860		6874020.000000
1861		6671108.000000
1862		6570030.000000
1863		6583401.000000
1864		6671000.000000
1865		6576951.000000
1866		6579293.000000
1867		6576049.000000
1868		6807268.000000
1869		6671852.000000
1870		6718104.000000
1871		6675429.000000
1872		6558393.000000
1873		6560307.000000
1874		6678822.000000
1875		6671410.000000
1876		6581827.000000
1877		6684153.000000
1878		6578775.000000
1879		6692517.000000
1880		6782754.000000
1881		6580357.000000
1882		7083832.000000
1883		6604039.000000
1884		6800625.000000
1885		6909905.000000
1886		6615372.000000
1887		6590213.000000
1888		6582934.000000
1889		6497648.000000
1890		6567243.000000
1891		6667854.000000
1892		6558476.000000
1893		6558279.000000
1894		6614974.000000
1895		6680944.000000
1896		6693425.000000
1897		6687641.000000
1898		6687782.000000
1899		6557886.000000
1900		6880913.000000
1901		6560753.000000
1902		6573261.000000
1903		6673016.000000
1904		6750930.000000
1905		6846742.000000
1906		6578031.000000
1907		6571434.000000
1908		6786559.000000
1909		7430419.000000
1910		6729746.000000
1911		6585099.000000
1912		6599879.000000
1913		6663699.000000
1914		6582619.000000
1915		6690564.000000
1916		6696164.000000
1917		6580205.000000
1918		6548809.000000
1919		6573897.000000
1920		6581240.000000
1921		6574734.000000
1922		6556031.000000
1923		6767004.000000
1924		6834349.000000
1925		6687428.000000
1926		7156644.000000
1927		6703503.000000
1928		6602746.000000
1929		6892425.000000
1930		7226733.000000
1931		6934836.000000
1932		7101504.000000
1933		6722360.000000
1934		6682578.000000
1935		6596484.000000
1936		6567248.000000
1937		6680167.000000
1938		6569689.000000
1939		6726334.000000
1940		6585363.000000
1941		6803108.000000
1942		7015324.000000
1943		6575695.000000
1944		6662371.000000
1945		6589153.000000
1946		6592091.000000
1947		6782423.000000
1948		6957173.000000
1949		7314854.000000
1950		7488992.000000
1951		6858519.000000
1952		6814249.000000
1953		6697223.000000
1954		6674409.000000
1955		6913785.000000
1956		6791858.000000
1957		6564602.000000
1958		6676121.000000
1959		6666981.000000
1960		6596892.000000
1961		7373064.000000
1962		6735567.000000
1963		6731173.000000
1964		6584721.000000
1965		6674473.000000
1966		6578737.000000
1967		6849436.000000
1968		6811780.000000
1969		6708018.000000
1970		6561039.000000
1971		6687783.000000
1972		6695325.000000
1973		6554624.000000
1974		6589876.000000
1975		6686522.000000
1976		6606845.000000
1977		6587763.000000
1978		6705000.000000
1979		6511902.000000
1980		6588805.000000
1981		6712994.000000
1982		6585690.000000
1983		6675514.000000
1984		6561031.000000
1985		6783180.000000
1986		6781014.000000
1987		6634876.000000
1988		6693732.000000
1989		6589374.000000
1990		6809134.000000
1991		6567757.000000
1992		6809838.000000
1993		6568559.000000
1994		6559291.000000
1995		6740657.000000
1996		6835570.000000
1997		6724212.000000
1998		6584724.000000
1999		6726945.000000
2000		7017408.000000
2001		6629059.000000
2002		6571001.000000
2003		6681208.000000
2004		6583602.000000
2005		6703414.000000
2006		6676229.000000
2007		6674220.000000
2008		6575731.000000
2009		6588668.000000
2010		6673095.000000
2011		6792094.000000
2012		6673678.000000
2013		6566832.000000
2014		6859258.000000
2015		6573259.000000
2016		6678951.000000
2017		6808295.000000
2018		6586880.000000
2019		6801591.000000
2020		6584395.000000
2021		6573621.000000
2022		6551879.000000
2023		6810612.000000
2024		6705613.000000
2025		6569922.000000
2026		6680642.000000
2027		6664078.000000
2028		6559882.000000
2029		6688152.000000
2030		6716625.000000
2031		6588544.000000
2032		7225690.000000
2033		6831017.000000
2034		6668489.000000
2035		6709157.000000
2036		6807093.000000
2037		6556528.000000
2038		7464178.000000
2039		7293175.000000
2040		6871993.000000
2041		6746123.000000
2042		6572736.000000
2043		6590070.000000
2044		6681099.000000
2045		6666207.000000
2046		6908770.000000
2047		6782664.000000
2048		6663465.000000
2049		6952366.000000
2050		6911004.000000
2051		6601034.000000
2052		6784699.000000
2053		6580732.000000
2054		6701775.000000
2055		6800895.000000
2056		6559244.000000
2057		6584992.000000
2058		6583412.000000
2059		6641753.000000
2060		6798531.000000
2061		6569877.000000
2062		6574151.000000
2063		6676958.000000
2064		6601059.000000
2065		6678778.000000
2066		7198230.000000
2067		7545650.000000
2068		6741092.000000
2069		6727238.000000
2070		6718824.000000
2071		6568003.000000
2072		6820018.000000
2073		6716817.000000
2074		6568457.000000
2075		6800627.000000
2076		6882025.000000
2077		6682298.000000
2078		7006856.000000
2079		6565055.000000
2080		6581908.000000
2081		6687824.000000
2082		6557697.000000
2083		6782851.000000
2084		6593364.000000
2085		6871228.000000
2086		6732083.000000
2087		6703124.000000
2088		6887461.000000
2089		6612033.000000
2090		6812123.000000
2091		6575997.000000
2092		6575097.000000
2093		6671645.000000
2094		6722235.000000
2095		6771909.000000
2096		6635911.000000
2097		6587906.000000
2098		6590856.000000
2099		6569289.000000
2100		6987652.000000
2101		6673725.000000
2102		6560343.000000
2103		6828513.000000
2104		6808220.000000
2105		6653887.000000
2106		6629922.000000
2107		6690716.000000
2108		6863426.000000
2109		6680321.000000
2110		6789928.000000
2111		6707352.000000
2112		6579909.000000
2113		6792036.000000
2114		6661656.000000
2115		6678051.000000
2116		6586948.000000
2117		6568558.000000
2118		6791917.000000
2119		6707911.000000
2120		6567498.000000
2121		6821667.000000
2122		6579828.000000
2123		6685090.000000
2124		6784412.000000
2125		6681503.000000
2126		7665684.000000
2127		6747144.000000
2128		6795421.000000
2129		6591782.000000
2130		6810177.000000
2131		6580893.000000
2132		6792070.000000
2133		6695797.000000
2134		6565134.000000
2135		6808922.000000
2136		6693870.000000
2137		6562556.000000
2138		6597475.000000
2139		6571947.000000
2140		6791727.000000
2141		6588908.000000
2142		6566664.000000
2143		6566399.000000
2144		6682464.000000
2145		6803139.000000
2146		6817804.000000
2147		6603631.000000
2148		6747800.000000
2149		6591954.000000
2150		6894937.000000
2151		6579285.000000
2152		6618700.000000
2153		6595982.000000
2154		6704810.000000
2155		6770056.000000
2156		6602330.000000
2157		6936928.000000
2158		6495955.000000
2159		6585263.000000
2160		6576641.000000
2161		6567713.000000
2162		6671017.000000
2163		6679198.000000
2164		7492011.000000
2165		6815129.000000
2166		6695436.000000
2167		6571356.000000
2168		6658920.000000
2169		6778480.000000
2170		6577006.000000
2171		6908184.000000
2172		6710458.000000
2173		6753442.000000
2174		6818816.000000
2175		6684325.000000
2176		6832229.000000
2177		7012818.000000
2178		6713714.000000
2179		6693849.000000
2180		6594937.000000
2181		6675782.000000
2182		6712047.000000
2183		6569760.000000
2184		6575521.000000
2185		6581339.000000
2186		6541960.000000
2187		6564610.000000
2188		6811522.000000
2189		6792172.000000
2190		7326276.000000
2191		6607676.000000
2192		6574880.000000
2193		6603012.000000
2194		6587915.000000
2195		6692569.000000
2196		6567478.000000
2197		6689739.000000
2198		7272533.000000
2199		6792417.000000
2200		6993215.000000
2201		6618036.000000
2202		6574616.000000
2203		6669279.000000
2204		6661661.000000
2205		6772693.000000
2206		6588310.000000
2207		6799808.000000
2208		6592452.000000
2209		6811163.000000
2210		6683567.000000
2211		6866670.000000
2212		6692888.000000
2213		6929343.000000
2214		6952908.000000
2215		6891444.000000
2216		6720484.000000
2217		6794239.000000
2218		6590818.000000
2219		6588397.000000
2220		6583756.000000
2221		6667927.000000
2222		6559861.000000
2223		6894257.000000
2224		7117284.000000
2225		6675560.000000
2226		7220954.000000
2227		6749038.000000
2228		6711766.000000
2229		6587237.000000
2230		6679385.000000
2231		6701768.000000
2232		6664518.000000
2233		6699180.000000
2234		6576433.000000
2235		6687320.000000
2236		6579471.000000
2237		6674073.000000
2238		6710930.000000
2239		6888839.000000
2240		6907331.000000
2241		6950506.000000
2242		6965304.000000
2243		6595114.000000
2244		6594092.000000
2245		6680050.000000
2246		6790393.000000
2247		6667483.000000
2248		6680644.000000
2249		6590017.000000
2250		6987639.000000
2251		6603056.000000
2252		6677012.000000
2253		6573496.000000
2254		6566173.000000
2255		6570716.000000
2256		6806443.000000
2257		6720369.000000
2258		6695932.000000
2259		6720762.000000
2260		6702879.000000
2261		7664154.000000
2262		6768745.000000
2263		6599159.000000
2264		6692949.000000
2265		6577472.000000
2266		6796339.000000
2267		7175203.000000
2268		6696199.000000
2269		6678161.000000
2270		6686542.000000
2271		6876286.000000
2272		6680466.000000
2273		6564094.000000
2274		6688378.000000
2275		6667017.000000
2276		6727775.000000
2277		6614273.000000
2278		6761106.000000
2279		6673031.000000
2280		6724928.000000
2281		6806009.000000
2282		6573854.000000
2283		6685939.000000
2284		6976864.000000
2285		6811177.000000
2286		6671953.000000
2287		6626842.000000
2288		6607711.000000
2289		6825754.000000
2290		6613661.000000
2291		6716326.000000
2292		6582459.000000
2293		6726173.000000
2294		6593135.000000
2295		6675663.000000
2296		6682118.000000
2297		6570343.000000
2298		7082857.000000
2299		6662894.000000
2300		6982163.000000
2301		6832648.000000
2302		6824628.000000
2303		6594802.000000
2304		6574059.000000
2305		6592613.000000
2306		6574957.000000
2307		6681246.000000
2308		6569277.000000
2309		6805803.000000
2310		6692410.000000
2311		6803487.000000
2312		6668407.000000
2313		6476702.000000
2314		6688943.000000
2315		6584572.000000
2316		7167757.000000
2317		6616757.000000
2318		6849408.000000
2319		6800863.000000
2320		6751830.000000
2321		6630618.000000
2322		6806043.000000
2323		6702286.000000
2324		6584120.000000
2325		6698278.000000
2326		7203722.000000
2327		7522616.000000
2328		6929069.000000
2329		6605697.000000
2330		6690992.000000
2331		6572938.000000
2332		6599678.000000
2333		6574233.000000
2334		6685209.000000
2335		6837186.000000
2336		6818546.000000
2337		6588385.000000
2338		6695995.000000
2339		6578613.000000
2340		6571896.000000
2341		6899991.000000
2342		6677835.000000
2343		7131542.000000
2344		6584068.000000
2345		6579705.000000
2346		6717730.000000
2347		6597929.000000
2348		6813036.000000
2349		6568245.000000
2350		6875531.000000
2351		6676178.000000
2352		6683718.000000
2353		6585838.000000
2354		6560182.000000
2355		6673208.000000
2356		6552404.000000
2357		6679945.000000
2358		6683387.000000
2359		6553075.000000
2360		6707717.000000
2361		6574450.000000
2362		7338722.000000
2363		6870571.000000
2364		6813731.000000
2365		7009793.000000
2366		6729925.000000
2367		6700277.000000
2368		6724593.000000
2369		6933563.000000
2370		6579610.000000
2371		6601208.000000
2372		6572707.000000
2373		6810578.000000
2374		6725752.000000
2375		6607646.000000
2376		7199540.000000
2377		6582398.000000
2378		6592615.000000
2379		6909058.000000
2380		6610820.000000
2381		7774390.000000
2382		6853688.000000
2383		6863472.000000
2384		6881131.000000
2385		6744448.000000
2386		6599028.000000
2387		6807274.000000
2388		6804436.000000
2389		6559018.000000
2390		6773707.000000
2391		6810752.000000
2392		6787069.000000
2393		6704929.000000
2394		6582420.000000
2395		6596525.000000
2396		6579460.000000
2397		6564358.000000
2398		6794452.000000
2399		6549886.000000
2400		7094007.000000
2401		6704248.000000
2402		6609181.000000
2403		6583497.000000
2404		6568080.000000
2405		6562191.000000
2406		6692410.000000
2407		6564137.000000
2408		6785796.000000
2409		7156192.000000
2410		6612502.000000
2411		6711437.000000
2412		6620203.000000
2413		6827055.000000
2414		6599447.000000
2415		6693120.000000
2416		6556738.000000
2417		6672484.000000
2418		6825324.000000
2419		6558546.000000
2420		6667955.000000
2421		6589337.000000
2422		6571539.000000
2423		6567038.000000
2424		6675612.000000
2425		6794446.000000
2426		6834246.000000
2427		6581766.000000
2428		7204097.000000
2429		6744955.000000
2430		6593299.000000
2431		6703753.000000
2432		6674199.000000
2433		6564735.000000
2434		6729741.000000
2435		6576645.000000
2436		6582434.000000
2437		6585610.000000
2438		6566060.000000
2439		6782863.000000
2440		6574365.000000
2441		6553463.000000
2442		7133290.000000
2443		6696400.000000
2444		6586123.000000
2445		6607831.000000
2446		6698817.000000
2447		6585297.000000
2448		6896994.000000
2449		6556733.000000
2450		7108619.000000
2451		6781041.000000
2452		7234624.000000
2453		6796751.000000
2454		6728462.000000
2455		6819884.000000
2456		6608981.000000
2457		6821507.000000
2458		6643450.000000
2459		6931879.000000
2460		6842172.000000
2461		6866738.000000
2462		6841186.000000
2463		6685332.000000
2464		6814820.000000
2465		6767044.000000
2466		6624494.000000
2467		6821128.000000
2468		6572697.000000
2469		6413709.000000
2470		6582963.000000
2471		6565586.000000
2472		6581149.000000
2473		6752603.000000
2474		6758197.000000
2475		6838049.000000
2476		6816089.000000
2477		6700023.000000
2478		6573649.000000
2479		6661627.000000
2480		6746218.000000
2481		6812534.000000
2482		6555022.000000
2483		6720527.000000
2484		6916417.000000
2485		6592515.000000
2486		6712369.000000
2487		7211313.000000
2488		6700261.000000
2489		6748282.000000
2490		6702174.000000
2491		6980045.000000
2492		6827438.000000
2493		6955870.000000
2494		6815686.000000
2495		6724271.000000
2496		6913901.000000
2497		6576647.000000
2498		6565713.000000
2499		6663610.000000
2500		6883976.000000
2501		6697202.000000
2502		6668298.000000
2503		6670335.000000
2504		6559060.000000
2505		6692690.000000
2506		6680444.000000
2507		6667071.000000
2508		6614121.000000
2509		6685499.000000
2510		6684188.000000
2511		6744170.000000
2512		6792800.000000
2513		6562603.000000
2514		6579987.000000
2515		6685263.000000
2516		6583192.000000
2517		6592738.000000
2518		6561176.000000
2519		6562425.000000
2520		6691081.000000
2521		6793464.000000
2522		6560192.000000
2523		6825804.000000
2524		6697504.000000
2525		6592807.000000
2526		6683002.000000
2527		6718307.000000
2528		6566839.000000
2529		6691897.000000
2530		6675677.000000
2531		6567059.000000
2532		6736318.000000
2533		6595875.000000
2534		6577904.000000
2535		6593658.000000
2536		6603901.000000
2537		7100990.000000
2538		6618060.000000
2539		6700025.000000
2540		6715889.000000
2541		6676282.000000
2542		6725478.000000
2543		6805842.000000
2544		6561824.000000
2545		6821116.000000
2546		6607391.000000
2547		6745249.000000
2548		6607421.000000
2549		6702672.000000
2550		6878533.000000
2551		6568789.000000
2552		6807296.000000
2553		6893251.000000
2554		6682558.000000
2555		6671590.000000
2556		7089697.000000
2557		6779464.000000
2558		6772602.000000
2559		6572531.000000
2560		6795804.000000
2561		6904587.000000
2562		6673045.000000
2563		6658363.000000
2564		7116194.000000
2565		6697037.000000
2566		6663471.000000
2567		6689130.000000
2568		6987086.000000
2569		6700073.000000
2570		6677629.000000
2571		6814439.000000
2572		7334522.000000
2573		6819121.000000
2574		7544237.000000
2575		7059493.000000
2576		6698151.000000
2577		6814643.000000
2578		6790836.000000
2579		6671606.000000
2580		6589682.000000
2581		6910522.000000
2582		6503701.000000
2583		6571295.000000
2584		6682204.000000
2585		6783171.000000
2586		6690701.000000
2587		6677775.000000
2588		7257147.000000
2589		6831620.000000
2590		7748955.000000
2591		6872312.000000
2592		6616515.000000
2593		6814116.000000
2594		6695639.000000
2595		6658718.000000
2596		7319260.000000
2597		7261238.000000
2598		6946403.000000
2599		6836318.000000
2600		6996523.000000
2601		6570286.000000
2602		6573909.000000
2603		6755027.000000
2604		6703588.000000
2605		6602829.000000
2606		6726003.000000
2607		6707979.000000
2608		6581053.000000
2609		6562374.000000
2610		6546521.000000
2611		6690956.000000
2612		6848113.000000
2613		6581980.000000
2614		6682056.000000
2615		6703832.000000
2616		6801991.000000
2617		6632798.000000
2618		6578458.000000
2619		6582991.000000
2620		6982260.000000
2621		6730056.000000
2622		6709488.000000
2623		6574508.000000
2624		7017801.000000
2625		7675132.000000
2626		6656889.000000
2627		7281456.000000
2628		6822847.000000
2629		6593131.000000
2630		6670755.000000
2631		6555574.000000
2632		6680091.000000
2633		6758915.000000
2634		6629416.000000
2635		7146068.000000
2636		6936358.000000
2637		6752912.000000
2638		6569514.000000
2639		6568132.000000
2640		6726409.000000
2641		6588512.000000
2642		6574085.000000
2643		7286532.000000
2644		6613093.000000
2645		6581490.000000
2646		6569084.000000
2647		7074129.000000
2648		6696231.000000
2649		6831295.000000
2650		6864436.000000
2651		7419051.000000
2652		6849138.000000
2653		6768637.000000
2654		6828941.000000
2655		6792560.000000
2656		6787912.000000
2657		6556069.000000
2658		6557755.000000
2659		6729627.000000
2660		7208124.000000
2661		6607595.000000
2662		6685606.000000
2663		6580277.000000
2664		6558318.000000
2665		6693625.000000
2666		6795717.000000
2667		6798265.000000
2668		6598923.000000
2669		6723951.000000
2670		6626519.000000
2671		6567059.000000
2672		6691232.000000
2673		6693219.000000
2674		6679633.000000
2675		7330974.000000
2676		6773417.000000
2677		6696776.000000
2678		6732395.000000
2679		6561370.000000
2680		6592684.000000
2681		6902195.000000
2682		6681644.000000
2683		6828316.000000
2684		7128621.000000
2685		6780001.000000
2686		6609833.000000
2687		6576376.000000
2688		6686534.000000
2689		6685599.000000
2690		6708752.000000
2691		6688410.000000
2692		6571884.000000
2693		7119605.000000
2694		6974574.000000
2695		6668411.000000
2696		6859940.000000
2697		6789560.000000
2698		6743616.000000
2699		6584984.000000
2700		7064439.000000
2701		6678998.000000
2702		7434443.000000
2703		7286585.000000
2704		6630896.000000
2705		7234471.000000
2706		6700979.000000
2707		6689781.000000
2708		6582450.000000
2709		6593408.000000
2710		6853471.000000
2711		6805301.000000
2712		6744040.000000
2713		6822055.000000
2714		6696259.000000
2715		6579642.000000
2716		6672863.000000
2717		6557945.000000
2718		6615666.000000
2719		6685771.000000
2720		6575339.000000
2721		6724587.000000
2722		6716712.000000
2723		6591435.000000
2724		7093565.000000
2725		6600057.000000
2726		6794638.000000
2727		6576667.000000
2728		6744471.000000
2729		6707750.000000
2730		6576923.000000
2731		6694403.000000
2732		6676894.000000
2733		6693527.000000
2734		6789845.000000
2735		6799461.000000
2736		6699523.000000
2737		6593030.000000
2738		6699192.000000
2739		6570464.000000
2740		6574172.000000
2741		6583981.000000
2742		6803863.000000
2743		7096022.000000
2744		6725013.000000
2745		6707204.000000
2746		6788495.000000
2747		6635050.000000
2748		6671943.000000
2749		6676918.000000
2750		7111797.000000
2751		7465961.000000
2752		6605949.000000
2753		6600593.000000
2754		6898663.000000
2755		6867484.000000
2756		6781217.000000
2757		6895520.000000
2758		6895562.000000
2759		6684475.000000
2760		7064730.000000
2761		6999291.000000
2762		6923862.000000
2763		6864781.000000
2764		6839802.000000
2765		7036663.000000
2766		6992587.000000
2767		6862998.000000
2768		6860422.000000
2769		6923255.000000
2770		6834746.000000
2771		6872791.000000
2772		6994207.000000
2773		7480815.000000
2774		7059556.000000
2775		6939167.000000
2776		6868146.000000
2777		7232504.000000
2778		6815880.000000
2779		6738466.000000
2780		6712292.000000
2781		6722485.000000
2782		6616312.000000
2783		6699347.000000
2784		6616648.000000
2785		6680234.000000
2786		6678697.000000
2787		6775533.000000
2788		7102796.000000
2789		6664380.000000
2790		6815714.000000
2791		6807017.000000
2792		6673910.000000
2793		6676815.000000
2794		6608624.000000
2795		6774851.000000
2796		6684061.000000
2797		6741010.000000
2798		6664897.000000
2799		7060333.000000
2800		6888565.000000
2801		6566179.000000
2802		6606502.000000
2803		7350543.000000
2804		6836814.000000
2805		6723038.000000
2806		6705968.000000
2807		7375009.000000
2808		7111657.000000
2809		6739892.000000
2810		7260916.000000
2811		7092138.000000
2812		6908666.000000
2813		6672223.000000
2814		6560323.000000
2815		6799511.000000
2816		6588311.000000
2817		6781292.000000
2818		6724214.000000
2819		6654300.000000
2820		6932044.000000
2821		6643038.000000
2822		6705282.000000
2823		6573964.000000
2824		6847853.000000
2825		6775991.000000
2826		6601253.000000
2827		6587204.000000
2828		6689025.000000
2829		6677218.000000
2830		6574236.000000
2831		6817173.000000
2832		7301008.000000
2833		6705597.000000
2834		6621328.000000
2835		6613650.000000
2836		6557973.000000
2837		6660453.000000
2838		6676696.000000
2839		6788068.000000
2840		6710258.000000
2841		6584016.000000
2842		6593095.000000
2843		6575665.000000
2844		7212780.000000
2845		6610254.000000
2846		6802382.000000
2847		6689487.000000
2848		6697631.000000
2849		6590616.000000
2850		6865268.000000
2851		7712328.000000
2852		6837230.000000
2853		6748279.000000
2854		7206806.000000
2855		6717823.000000
2856		6789046.000000
2857		6580991.000000
2858		6699890.000000
2859		6593253.000000
2860		6681868.000000
2861		6567973.000000
2862		6627364.000000
2863		6585243.000000
2864		6754168.000000
2865		7121175.000000
2866		6743481.000000
2867		6587572.000000
2868		6557161.000000
2869		6807562.000000
2870		6577887.000000
2871		6711329.000000
2872		6740493.000000
2873		6593148.000000
2874		6909155.000000
2875		6681353.000000
2876		6830024.000000
2877		6710742.000000
2878		7011734.000000
2879		6602431.000000
2880		6566801.000000
2881		6677217.000000
2882		6667073.000000
2883		7226431.000000
2884		6594096.000000
2885		6687259.000000
2886		6561570.000000
2887		6569534.000000
2888		6667546.000000
2889		6597933.000000
2890		6751587.000000
2891		6613175.000000
2892		6659047.000000
2893		6727220.000000
2894		6687676.000000
2895		6595127.000000
2896		6700604.000000
2897		6576736.000000
2898		6790838.000000
2899		6595825.000000
2900		6874662.000000
2901		6804369.000000
2902		6563531.000000
2903		6746194.000000
2904		6676164.000000
2905		6815478.000000
2906		6700168.000000
2907		6711876.000000
2908		6783862.000000
2909		6806060.000000
2910		6553737.000000
2911		6770383.000000
2912		6710773.000000
2913		6686786.000000
2914		6574345.000000
2915		6662152.000000
2916		7225515.000000
2917		6828562.000000
2918		6922890.000000
2919		6744602.000000
2920		6703009.000000
2921		6672863.000000
2922		6910930.000000
2923		6794354.000000
2924		6746087.000000
2925		6823787.000000
2926		6734677.000000
2927		6705758.000000
2928		6659828.000000
2929		6786914.000000
2930		6688513.000000
2931		6800833.000000
2932		6682522.000000
2933		6764087.000000
2934		6845950.000000
2935		6692241.000000
2936		6666803.000000
2937		6685608.000000
2938		6783684.000000
2939		6787965.000000
2940		6752116.000000
2941		6919102.000000
2942		6790186.000000
2943		6823351.000000
2944		6623652.000000
2945		6831808.000000
2946		6801333.000000
2947		6945814.000000
2948		6696347.000000
2949		6798037.000000
2950		6983340.000000
2951		6699766.000000
2952		6577682.000000
2953		6799913.000000
2954		6715477.000000
2955		6568779.000000
2956		6580810.000000
2957		6563427.000000
2958		6564553.000000
2959		6750980.000000
2960		7423290.000000
2961		6707946.000000
2962		8101094.000000
2963		6898500.000000
2964		6594620.000000
2965		6587802.000000
2966		6578882.000000
2967		6552420.000000
2968		6827890.000000
2969		6731876.000000
2970		6713115.000000
2971		6800842.000000
2972		6701948.000000
2973		6665893.000000
2974		6752768.000000
2975		6628457.000000
2976		6616461.000000
2977		6692344.000000
2978		6570388.000000
2979		6699943.000000
2980		6686736.000000
2981		7087689.000000
2982		6587459.000000
2983		6581030.000000
2984		6578382.000000
2985		6780914.000000
2986		6735430.000000
2987		6809400.000000
2988		7217633.000000
2989		6582388.000000
2990		6670594.000000
2991		6583570.000000
2992		7590449.000000
2993		6891432.000000
2994		6547279.000000
2995		6808226.000000
2996		6594538.000000
2997		6701510.000000
2998		6781554.000000
2999		6685114.000000
3000		6876170.000000
3001		6684329.000000
3002		6813949.000000
3003		6706961.000000
3004		6766017.000000
3005		6588760.000000
3006		6782548.000000
3007		6692870.000000
3008		6702990.000000
3009		6602203.000000
3010		6672982.000000
3011		6575321.000000
3012		6824922.000000
3013		6832034.000000
3014		6724506.000000
3015		7284039.000000
3016		6749016.000000
3017		6684728.000000
3018		6809245.000000
3019		6789274.000000
3020		7181329.000000
3021		6683407.000000
3022		6754396.000000
3023		6712786.000000
3024		6697709.000000
3025		6714436.000000
3026		6562234.000000
3027		6837819.000000
3028		6985769.000000
3029		6830908.000000
3030		7454397.000000
3031		6885696.000000
3032		6584483.000000
3033		6558673.000000
3034		6779030.000000
3035		6909070.000000
3036		6726248.000000
3037		6580594.000000
3038		6557150.000000
3039		6797524.000000
3040		6682174.000000
3041		6684702.000000
3042		7140510.000000
3043		7240754.000000
3044		7207908.000000
3045		6764525.000000
3046		6691391.000000
3047		6788051.000000
3048		6684464.000000
3049		6698086.000000
3050		6903714.000000
3051		6628342.000000
3052		6594035.000000
3053		6603582.000000
3054		6694823.000000
3055		6597136.000000
3056		6639972.000000
3057		6825972.000000
3058		6761051.000000
3059		7447161.000000
3060		6845896.000000
3061		6649659.000000
3062		7060900.000000
3063		6600103.000000
3064		6696555.000000
3065		6551433.000000
3066		6790101.000000
3067		6564925.000000
3068		6802276.000000
3069		6733959.000000
3070		6808004.000000
3071		6682943.000000
3072		6564933.000000
3073		6689955.000000
3074		6839765.000000
3075		6594065.000000
3076		6886599.000000
3077		6627677.000000
3078		6815115.000000
3079		6601918.000000
3080		6695652.000000
3081		6682046.000000
3082		7489443.000000
3083		6582364.000000
3084		6584842.000000
3085		6799746.000000
3086		6793973.000000
3087		6573599.000000
3088		6686909.000000
3089		6724096.000000
3090		6597379.000000
3091		6687081.000000
3092		6671826.000000
3093		6678301.000000
3094		6559114.000000
3095		6940693.000000
3096		6595489.000000
3097		6813941.000000
3098		6631702.000000
3099		6629757.000000
3100		6973866.000000
3101		6715645.000000
3102		6834545.000000
3103		6591479.000000
3104		6587401.000000
3105		6694893.000000
3106		6686284.000000
3107		7034561.000000
3108		6812000.000000
3109		6598294.000000
3110		6662345.000000
3111		6636757.000000
3112		6710882.000000
3113		6578676.000000
3114		6566760.000000
3115		6794797.000000
3116		6695161.000000
3117		6571705.000000
3118		6557630.000000
3119		7456857.000000
3120		6595126.000000
3121		7238957.000000
3122		6929390.000000
3123		6742770.000000
3124		6772372.000000
3125		7729906.000000
3126		6971615.000000
3127		6782450.000000
3128		6703977.000000
3129		6755168.000000
3130		6943545.000000
3131		6585981.000000
3132		6912703.000000
3133		6556426.000000
3134		6793747.000000
3135		7120003.000000
3136		6828630.000000
3137		6695890.000000
3138		6800712.000000
3139		6673218.000000
3140		6797883.000000
3141		6682643.000000
3142		6720046.000000
3143		6784687.000000
3144		6913032.000000
3145		6597307.000000
3146		6887958.000000
3147		6894374.000000
3148		7222684.000000
3149		6850257.000000
3150		6885908.000000
3151		6987468.000000
3152		6892571.000000
3153		6667051.000000
3154		6574640.000000
3155		6597616.000000
3156		6577675.000000
3157		6574593.000000
3158		6792456.000000
3159		6795729.000000
3160		6556375.000000
3161		6719764.000000
3162		6729991.000000
3163		6787087.000000
3164		6770131.000000
3165		6723812.000000
3166		6572001.000000
3167		6914813.000000
3168		6610139.000000
3169		6703987.000000
3170		6810259.000000
3171		6666325.000000
3172		6683720.000000
3173		6664435.000000
3174		7062867.000000
3175		6888064.000000
3176		6703045.000000
3177		6795461.000000
3178		6675407.000000
3179		6675496.000000
3180		6655368.000000
3181		6713456.000000
3182		6688966.000000
3183		6702738.000000
3184		6580606.000000
3185		6832417.000000
3186		6682590.000000
3187		7005548.000000
3188		6729844.000000
3189		6713799.000000
3190		6597977.000000
3191		6712211.000000
3192		7017975.000000
3193		6618861.000000
3194		6617361.000000
3195		6697522.000000
3196		6836625.000000
3197		6553763.000000
3198		6750093.000000
3199		6777804.000000
3200		7102610.000000
3201		6706335.000000
3202		6588787.000000
3203		6688881.000000
3204		6804502.000000
3205		6697276.000000
3206		6584162.000000
3207		6708871.000000
3208		6685606.000000
3209		7176207.000000
3210		6836717.000000
3211		7056572.000000
3212		6801073.000000
3213		6828029.000000
3214		6828061.000000
3215		6751701.000000
3216		6813307.000000
3217		6581157.000000
3218		6799598.000000
3219		7193358.000000
3220		6818472.000000
3221		6558913.000000
3222		6605584.000000
3223		6701415.000000
3224		6688164.000000
3225		6663810.000000
3226		7150955.000000
3227		7671591.000000
3228		6698190.000000
3229		6716445.000000
3230		6807080.000000
3231		6701351.000000
3232		6876082.000000
3233		6649480.000000
3234		6710703.000000
3235		6797507.000000
3236		6562011.000000
3237		6887506.000000
3238		6685128.000000
3239		6589775.000000
3240		6695585.000000
3241		6729929.000000
3242		6677404.000000
3243		6700705.000000
3244		6564539.000000
3245		6686358.000000
3246		6616217.000000
3247		6618527.000000
3248		6691373.000000
3249		6833286.000000
3250		6969176.000000
3251		6728728.000000
3252		6626206.000000
3253		6699514.000000
3254		6825243.000000
3255		7697222.000000
3256		7267186.000000
3257		6733319.000000
3258		7367657.000000
3259		6713676.000000
3260		6693050.000000
3261		6690339.000000
3262		6685766.000000
3263		6683199.000000
3264		6557588.000000
3265		6607347.000000
3266		6689602.000000
3267		6680221.000000
3268		6553184.000000
3269		6566841.000000
3270		6674314.000000
3271		6590019.000000
3272		6591130.000000
3273		6678647.000000
3274		6763691.000000
3275		7071018.000000
3276		6833926.000000
3277		6823404.000000
3278		6614337.000000
3279		6582367.000000
3280		6798531.000000
3281		6688023.000000
3282		6655740.000000
3283		6668752.000000
3284		6599052.000000
3285		6566637.000000
3286		6698556.000000
3287		6805672.000000
3288		6674636.000000
3289		7046962.000000
3290		6736344.000000
3291		6953600.000000
3292		6724303.000000
3293		6816535.000000
3294		6718703.000000
3295		6791977.000000
3296		7175277.000000
3297		6716982.000000
3298		6683845.000000
3299		6681591.000000
3300		7008155.000000
3301		6700697.000000
3302		6903127.000000
3303		7068664.000000
3304		6717769.000000
3305		6705117.000000
3306		6695517.000000
3307		6565051.000000
3308		6574145.000000
3309		6595583.000000
3310		6682173.000000
3311		6557535.000000
3312		6588447.000000
3313		6738439.000000
3314		6819168.000000
3315		6560849.000000
3316		7279443.000000
3317		7224264.000000
3318		7971894.000000
3319		7477855.000000
3320		6861142.000000
3321		6544457.000000
3322		6536480.000000
3323		6540473.000000
3324		6576556.000000
3325		6502716.000000
3326		6550660.000000
3327		6508871.000000
3328		6536213.000000
3329		6577506.000000
3330		6538436.000000
3331		6555905.000000
3332		6536516.000000
3333		6500314.000000
3334		6525156.000000
3335		6523069.000000
3336		6503643.000000
3337		6555972.000000
3338		6502069.000000
3339		6522744.000000
3340		6505271.000000
3341		6550219.000000
3342		6527384.000000
3343		6520285.000000
3344		6620187.000000
3345		6608969.000000
3346		6637303.000000
3347		6505045.000000
3348		6935361.000000
3349		6675478.000000
3350		6829056.000000
3351		6673131.000000
3352		6508387.000000
3353		7052865.000000
3354		7121630.000000
3355		7277471.000000
3356		6607226.000000
3357		6526956.000000
3358		6484532.000000
3359		6613712.000000
3360		6522274.000000
3361		6529211.000000
3362		6522073.000000
3363		6504665.000000
3364		6640991.000000
3365		6756120.000000
3366		6509758.000000
3367		7193343.000000
3368		6606048.000000
3369		6689691.000000
3370		6756528.000000
3371		6645742.000000
3372		6525608.000000
3373		6630388.000000
3374		6548684.000000
3375		6544559.000000
3376		6539130.000000
3377		6572243.000000
3378		6661470.000000
3379		6526900.000000
3380		7102721.000000
3381		6538360.000000
3382		6552478.000000
3383		6885783.000000
3384		7192990.000000
3385		6587975.000000
3386		6755492.000000
3387		6535519.000000
3388		6668738.000000
3389		6508446.000000
3390		6506540.000000
3391		6626081.000000
3392		6531912.000000
3393		7239020.000000
3394		6545602.000000
3395		6497597.000000
3396		6518534.000000
3397		6520882.000000
3398		6609733.000000
3399		6503899.000000
3400		6848488.000000
3401		6515012.000000
3402		7290323.000000
3403		7270571.000000
3404		7213260.000000
3405		7166137.000000
3406		7051810.000000
3407		6866325.000000
3408		6847639.000000
3409		6870950.000000
3410		6847007.000000
3411		6911075.000000
3412		6876873.000000
3413		6989378.000000
3414		7621622.000000
3415		7055926.000000
3416		6909512.000000
3417		7166018.000000
3418		6964583.000000
3419		7015115.000000
3420		6938984.000000
3421		6959421.000000
3422		6875120.000000
3423		6978245.000000
3424		6908610.000000
3425		6881127.000000
3426		6882662.000000
3427		6854708.000000
3428		6861048.000000
3429		6885255.000000
3430		8230930.000000
3431		7158058.000000
3432		7061143.000000
3433		7075541.000000
3434		7310953.000000
3435		6867321.000000
3436		7154556.000000
3437		7069503.000000
3438		7051639.000000
3439		7221297.000000
3440		7300919.000000
3441		6951418.000000
3442		7523336.000000
3443		7308435.000000
3444		7141553.000000
3445		6868598.000000
3446		6574899.000000
3447		6543731.000000
3448		6519101.000000
3449		6532399.000000
3450		6845279.000000
3451		6521171.000000
3452		6510959.000000
3453		6619906.000000
3454		6521986.000000
3455		6640809.000000
3456		6748481.000000
3457		6504177.000000
3458		6498297.000000
3459		6625661.000000
3460		6640383.000000
3461		6534333.000000
3462		6511559.000000
3463		6527690.000000
3464		6534152.000000
3465		6515833.000000
3466		6544072.000000
3467		6942395.000000
3468		6557872.000000
3469		6527520.000000
3470		6506499.000000
3471		6526726.000000
3472		6508065.000000
3473		6704544.000000
3474		6839525.000000
3475		6882773.000000
3476		6877607.000000
3477		6860150.000000
3478		7065126.000000
3479		7071373.000000
3480		6982016.000000
3481		6970062.000000
3482		6926073.000000
3483		6977783.000000
3484		6877828.000000
3485		6888070.000000
3486		6932581.000000
3487		7031333.000000
3488		6924258.000000
3489		6871131.000000
3490		6888748.000000
3491		6910835.000000
3492		6672371.000000
3493		6544698.000000
3494		6510425.000000
3495		6524644.000000
3496		6621766.000000
3497		7106318.000000
3498		6547760.000000
3499		6502259.000000
3500		6822214.000000
3501		6662603.000000
3502		6762887.000000
3503		6576182.000000
3504		6571975.000000
3505		6960545.000000
3506		8510818.000000
3507		7186310.000000
3508		6957947.000000
3509		7047180.000000
3510		6974168.000000
3511		7020170.000000
3512		6895742.000000
3513		6879271.000000
3514		6890845.000000
3515		7219860.000000
3516		6895462.000000
3517		6991378.000000
3518		6887303.000000
3519		6884126.000000
3520		6904791.000000
3521		7011618.000000
3522		6947131.000000
3523		6781715.000000
3524		6522173.000000
3525		6632315.000000
3526		6841014.000000
3527		6726821.000000
3528		6820529.000000
3529		6536399.000000
3530		6650988.000000
3531		6519394.000000
3532		6528218.000000
3533		6513428.000000
3534		6664100.000000
3535		6629878.000000
3536		6737788.000000
3537		6758674.000000
3538		6514625.000000
3539		6943617.000000
3540		7652389.000000
3541		6946976.000000
3542		6887300.000000
3543		6875892.000000
3544		6996375.000000
3545		6982631.000000
3546		7093891.000000
3547		6894471.000000
3548		6772397.000000
3549		7018863.000000
3550		7244977.000000
3551		6882962.000000
3552		6592267.000000
3553		6566076.000000
3554		6503494.000000
3555		6510604.000000
3556		6518110.000000
3557		6733669.000000
3558		6536637.000000
3559		6512182.000000
3560		6521235.000000
3561		6546626.000000
3562		6515575.000000
3563		6551045.000000
3564		6641061.000000
3565		6532425.000000
3566		6879255.000000
3567		6856977.000000
3568		6615024.000000
3569		6563279.000000
3570		6552154.000000
3571		6519167.000000
3572		6495877.000000
3573		6780652.000000
3574		6512751.000000
3575		6525931.000000
3576		6548651.000000
3577		6522048.000000
3578		6503893.000000
3579		6501174.000000
3580		6494637.000000
3581		6620874.000000
3582		6557578.000000
3583		7185930.000000
3584		6734820.000000
3585		6527696.000000
3586		6505922.000000
3587		6760155.000000
3588		6720742.000000
3589		6732395.000000
3590		6522046.000000
3591		7003213.000000
3592		6933968.000000
3593		7038131.000000
3594		6882844.000000
3595		6870141.000000
3596		6950494.000000
3597		7224998.000000
3598		7209132.000000
3599		6542622.000000
3600		7450998.000000
3601		6758733.000000
3602		6549908.000000
3603		6540163.000000
3604		6504599.000000
3605		6514509.000000
3606		6545924.000000
3607		6500420.000000
3608		6503673.000000
3609		6509787.000000
3610		6621119.000000
3611		6525431.000000
3612		6695886.000000
3613		6547816.000000
3614		6651926.000000
3615		6737215.000000
3616		6510998.000000
3617		6513838.000000
3618		6541544.000000
3619		6639702.000000
3620		6542528.000000
3621		6708211.000000
3622		7247686.000000
3623		6946312.000000
3624		6682225.000000
3625		6548568.000000
3626		6664470.000000
3627		7561014.000000
3628		6753177.000000
3629		6563345.000000
3630		6694131.000000
3631		6521554.000000
3632		6511653.000000
3633		6533211.000000
3634		6604741.000000
3635		6812347.000000
3636		6972324.000000
3637		6940573.000000
3638		6913936.000000
3639		6864637.000000
3640		6861899.000000
3641		7315966.000000
3642		6876260.000000
3643		7064635.000000
3644		6905709.000000
3645		6899788.000000
3646		6953243.000000
3647		6768967.000000
3648		6681878.000000
3649		6644295.000000
3650		6824683.000000
3651		6530650.000000
3652		6622448.000000
3653		6524203.000000
3654		6505945.000000
3655		6510791.000000
3656		6511020.000000
3657		6506703.000000
3658		7616438.000000
3659		7091987.000000
3660		6646778.000000
3661		6620959.000000
3662		6514536.000000
3663		6510497.000000
3664		7067230.000000
3665		6555060.000000
3666		6753159.000000
3667		6514505.000000
3668		6529554.000000
3669		6530529.000000
3670		7158831.000000
3671		6798368.000000
3672		6550846.000000
3673		6523240.000000
3674		6525390.000000
3675		6615612.000000
3676		6696747.000000
3677		6569362.000000
3678		6527495.000000
3679		6658081.000000
3680		6567557.000000
3681		6547681.000000
3682		6629331.000000
3683		6793099.000000
3684		6621455.000000
3685		7572271.000000
3686		7452444.000000
3687		6920978.000000
3688		6967628.000000
3689		6889535.000000
3690		6924432.000000
3691		6983779.000000
3692		6846532.000000
3693		6996661.000000
3694		6857555.000000
3695		6940210.000000
3696		6896532.000000
3697		6882263.000000
3698		6912316.000000
3699		6964397.000000
3700		7179709.000000
3701		6892551.000000
3702		6874706.000000
3703		6968960.000000
3704		6927364.000000
3705		6810762.000000
3706		6848285.000000
3707		6891337.000000
3708		6965993.000000
3709		6766814.000000
3710		6534395.000000
3711		6627455.000000
3712		6623039.000000
3713		6515452.000000
3714		6547681.000000
3715		7902186.000000
3716		6647359.000000
3717		6550651.000000
3718		6759641.000000
3719		6645334.000000
3720		6515696.000000
3721		6535307.000000
3722		6527053.000000
3723		6619005.000000
3724		6550723.000000
3725		6565019.000000
3726		7092910.000000
3727		6679828.000000
3728		6543338.000000
3729		6659824.000000
3730		6510318.000000
3731		6518884.000000
3732		6656705.000000
3733		6766384.000000
3734		6520482.000000
3735		6663190.000000
3736		6555508.000000
3737		6540869.000000
3738		6571793.000000
3739		6790331.000000
3740		7759906.000000
3741		7066521.000000
3742		6603922.000000
3743		6563906.000000
3744		6533357.000000
3745		6595260.000000
3746		6516295.000000
3747		6536304.000000
3748		6517655.000000
3749		6884032.000000
3750		6850209.000000
3751		6651119.000000
3752		6506836.000000
3753		6532388.000000
3754		6525385.000000
3755		6548224.000000
3756		6535412.000000
3757		6638746.000000
3758		6569633.000000
3759		7012104.000000
3760		7133232.000000
3761		6973557.000000
3762		6875214.000000
3763		6895849.000000
3764		6873980.000000
3765		6867811.000000
3766		6711052.000000
3767		6526821.000000
3768		6525981.000000
3769		7179582.000000
3770		7352550.000000
3771		7237349.000000
3772		6974963.000000
3773		6962747.000000
3774		6876957.000000
3775		6883301.000000
3776		7276440.000000
3777		6798400.000000
3778		6876683.000000
3779		6973432.000000
3780		6987862.000000
3781		6858203.000000
3782		6927453.000000
3783		6906796.000000
3784		6871890.000000
3785		6878125.000000
3786		6871678.000000
3787		6892670.000000
3788		6958006.000000
3789		7052663.000000
3790		7002323.000000
3791		6934729.000000
3792		7245530.000000
3793		6904158.000000
3794		6880014.000000
3795		6785734.000000
3796		6570375.000000
3797		7171402.000000
3798		6533651.000000
3799		6540241.000000
3800		6820255.000000
3801		6538943.000000
3802		6508948.000000
3803		6797347.000000
3804		6524886.000000
3805		6944846.000000
3806		6875001.000000
3807		6894177.000000
3808		7363125.000000
3809		6997918.000000
3810		7142928.000000
3811		7137926.000000
3812		6914508.000000
3813		6879235.000000
3814		6934806.000000
3815		6996128.000000
3816		6849198.000000
3817		6864862.000000
3818		6853725.000000
3819		6888113.000000
3820		6779436.000000
3821		6876373.000000
3822		6843197.000000
3823		6877998.000000
3824		7857938.000000
3825		6912860.000000
3826		6849305.000000
3827		6976585.000000
3828		6972644.000000
3829		6876903.000000
3830		6799054.000000
3831		6968472.000000
3832		6876137.000000
3833		6929250.000000
3834		6967455.000000
3835		6890963.000000
3836		6894770.000000
3837		6869020.000000
3838		6875176.000000
3839		7259902.000000
3840		6870960.000000
3841		6954767.000000
3842		6889666.000000
3843		6915022.000000
3844		6912739.000000
3845		6998038.000000
3846		7164275.000000
3847		7102114.000000
3848		7047910.000000
3849		6656925.000000
3850		6849654.000000
3851		6541531.000000
3852		6516470.000000
3853		6495479.000000
3854		6524003.000000
3855		6503223.000000
3856		6647819.000000
3857		6618000.000000
3858		6634586.000000
3859		6643645.000000
3860		6545605.000000
3861		14711261.000000
3862		6589182.000000
3863		6515381.000000
3864		6524513.000000
3865		6634529.000000
3866		7490697.000000
3867		6519932.000000
3868		6612687.000000
3869		6502783.000000
3870		6538189.000000
3871		6694261.000000
3872		6512753.000000
3873		6536449.000000
3874		6622286.000000
3875		6503706.000000
3876		6659022.000000
3877		6524017.000000
3878		7003107.000000
3879		6890269.000000
3880		6860451.000000
3881		6909830.000000
3882		6504758.000000
3883		6547156.000000
3884		6501072.000000
3885		6517392.000000
3886		6517612.000000
3887		6497886.000000
3888		6913268.000000
3889		6942750.000000
3890		6922402.000000
3891		6870924.000000
3892		6930443.000000
3893		7090850.000000
3894		6935986.000000
3895		7000235.000000
3896		7194871.000000
3897		6968354.000000
3898		7365275.000000
3899		7026560.000000
3900		13420257.000000
3901		6648844.000000
3902		6559952.000000
3903		6904226.000000
3904		6578263.000000
3905		6526415.000000
3906		6495015.000000
3907		6527492.000000
3908		6688781.000000
3909		6564234.000000
3910		6558693.000000
3911		6730815.000000
3912		6524804.000000
3913		6577310.000000
3914		6542161.000000
3915		6542368.000000
3916		6629682.000000
3917		6506100.000000
3918		6804970.000000
3919		6526175.000000
3920		6527993.000000
3921		6538769.000000
3922		6611717.000000
3923		6488011.000000
3924		6513450.000000
3925		6515153.000000
3926		6422564.000000
3927		7116805.000000
3928		6557836.000000
3929		6773241.000000
3930		7389512.000000
3931		6897699.000000
3932		6569205.000000
3933		6617756.000000
3934		6516438.000000
3935		6512575.000000
3936		6646248.000000
3937		6553999.000000
3938		6625211.000000
3939		6515331.000000
3940		6670448.000000
3941		7111436.000000
3942		6927086.000000
3943		6882573.000000
3944		6858950.000000
3945		6925375.000000
3946		6994500.000000
3947		6899218.000000
3948		7016462.000000
3949		6984948.000000
3950		7300768.000000
3951		6895934.000000
3952		6896801.000000
3953		6738272.000000
3954		6619077.000000
3955		6575291.000000
3956		6549254.000000
3957		6505553.000000
3958		6543856.000000
3959		6503144.000000
3960		6665823.000000
3961		6642328.000000
3962		6513022.000000
3963		6436428.000000
3964		6902938.000000
3965		6884185.000000
3966		6765069.000000
3967		6538892.000000
3968		6548712.000000
3969		6535598.000000
3970		6501652.000000
3971		6572134.000000
3972		6531576.000000
3973		6671508.000000
3974		6514017.000000
3975		6490625.000000
3976		6621948.000000
3977		6517543.000000
3978		6525909.000000
3979		6527345.000000
3980		6643526.000000
3981		7247996.000000
3982		6526663.000000
3983		6705926.000000
3984		6557009.000000
3985		6536088.000000
3986		6631778.000000
3987		6628988.000000
3988		7281939.000000
3989		6522145.000000
3990		6518887.000000
3991		6733425.000000
3992		6537326.000000
3993		6722788.000000
3994		6935804.000000
3995		6889517.000000
3996		7053783.000000
3997		6926679.000000
3998		6909500.000000
3999		6891043.000000
4000		7233652.000000
4001		6982786.000000
4002		6881496.000000
4003		7195254.000000
4004		6892338.000000
4005		6870714.000000
4006		6888902.000000
4007		6559861.000000
4008		7260462.000000
4009		7253879.000000
4010		6680068.000000
4011		6632020.000000
4012		6512873.000000
4013		6521118.000000
4014		6936730.000000
4015		6663380.000000
4016		6519972.000000
4017		6497686.000000
4018		6632554.000000
4019		6540005.000000
4020		6535606.000000
4021		6656836.000000
4022		6736440.000000
4023		6537900.000000
4024		7440066.000000
4025		6759909.000000
4026		6512989.000000
4027		6528465.000000
4028		6498366.000000
4029		6726838.000000
4030		6513726.000000
4031		6516208.000000
4032		6627308.000000
4033		6533435.000000
4034		6521157.000000
4035		7285792.000000
4036		6811109.000000
4037		6507866.000000
4038		6602022.000000
4039		6501444.000000
4040		6520594.000000
4041		6527319.000000
4042		6506257.000000
4043		6512114.000000
4044		6609762.000000
4045		7116611.000000
4046		6919250.000000
4047		6867364.000000
4048		6931108.000000
4049		6891030.000000
4050		7333880.000000
4051		6890566.000000
4052		7138402.000000
4053		6976344.000000
4054		7037302.000000
4055		6912518.000000
4056		6879219.000000
4057		7095215.000000
4058		6936841.000000
4059		7125728.000000
4060		7069293.000000
4061		6932064.000000
4062		6859036.000000
4063		6965950.000000
4064		6925732.000000
4065		7005744.000000
4066		6909151.000000
4067		7000862.000000
4068		7026339.000000
4069		7463781.000000
4070		7209297.000000
4071		7095370.000000
4072		6924234.000000
4073		6997495.000000
4074		6916953.000000
4075		6882739.000000
4076		6867075.000000
4077		6774006.000000
4078		6866709.000000
4079		6898041.000000
4080		6854275.000000
4081		6869637.000000
4082		6909340.000000
4083		6900022.000000
4084		7489636.000000
4085		6963243.000000
4086		6550263.000000
4087		6657462.000000
4088		6622289.000000
4089		6514836.000000
4090		6532402.000000
4091		6645426.000000
4092		6532590.000000
4093		6522125.000000
4094		6706832.000000
4095		6554501.000000
4096		6518943.000000
4097		6504581.000000
4098		6614311.000000
4099		7010486.000000
4100		6833863.000000
4101		6526262.000000
4102		6914512.000000
4103		6563757.000000
4104		6656795.000000
4105		6752165.000000
4106		7152993.000000
4107		7194366.000000
4108		6910360.000000
4109		7270652.000000
4110		7023534.000000
4111		6861435.000000
4112		6913659.000000
4113		6883906.000000
4114		7465595.000000
4115		6894915.000000
4116		6960485.000000
4117		6859265.000000
4118		6918557.000000
4119		6939078.000000
4120		6798117.000000
4121		6894231.000000
4122		7006142.000000
4123		6885166.000000
4124		6879864.000000
4125		6985332.000000
4126		6885847.000000
4127		6855613.000000
4128		6958192.000000
4129		7061608.000000
4130		6884037.000000
4131		6912148.000000
4132		7108240.000000
4133		7652561.000000
4134		6976262.000000
4135		6909715.000000
4136		6857922.000000
4137		6778502.000000
4138		6892738.000000
4139		6884522.000000
4140		6849737.000000
4141		7036610.000000
4142		6984150.000000
4143		6971859.000000
4144		6884744.000000
4145		6869962.000000
4146		6862760.000000
4147		6974746.000000
4148		6955714.000000
4149		6870151.000000
4150		7210654.000000
4151		6918393.000000
4152		7267651.000000
4153		7246830.000000
4154		7015669.000000
4155		6810957.000000
4156		6984335.000000
4157		6977844.000000
4158		7535403.000000
4159		7075493.000000
4160		6969514.000000
4161		7244546.000000
4162		6909687.000000
4163		7062074.000000
4164		7279401.000000
4165		6865298.000000
4166		7353604.000000
4167		6895506.000000
4168		7000330.000000
4169		6898003.000000
4170		6901461.000000
4171		6906871.000000
4172		6887617.000000
4173		6868794.000000
4174		6877871.000000
4175		6844367.000000
4176		7055919.000000
4177		6861490.000000
4178		6865005.000000
4179		6893311.000000
4180		7413526.000000
4181		6935352.000000
4182		6884498.000000
4183		6939084.000000
4184		6849700.000000
4185		6995579.000000
4186		6901568.000000
4187		6990982.000000
4188		6941140.000000
4189		7020242.000000
4190		6570056.000000
4191		6538461.000000
4192		6544780.000000
4193		6497367.000000
4194		6697289.000000
4195		6958394.000000
4196		7131029.000000
4197		7044921.000000
4198		6993295.000000
4199		6987750.000000
4200		7469861.000000
4201		6990500.000000
4202		6962553.000000
4203		6887435.000000
4204		7209984.000000
4205		6889537.000000
4206		6876464.000000
4207		6893731.000000
4208		6775250.000000
4209		6887506.000000
4210		6891258.000000
4211		7075714.000000
4212		7067492.000000
4213		7507148.000000
4214		7023292.000000
4215		6885952.000000
4216		6947637.000000
4217		6909862.000000
4218		7114282.000000
4219		6895135.000000
4220		6934531.000000
4221		6853293.000000
4222		6859115.000000
4223		7003416.000000
4224		6882539.000000
4225		6980285.000000
4226		6999608.000000
4227		7726030.000000
4228		6875475.000000
4229		6764515.000000
4230		6814708.000000
4231		6627009.000000
4232		7176066.000000
4233		6781714.000000
4234		6519022.000000
4235		6510075.000000
4236		6657121.000000
4237		7077233.000000
4238		7154441.000000
4239		7032977.000000
4240		7053498.000000
4241		6995676.000000
4242		7009729.000000
4243		7072781.000000
4244		6655285.000000
4245		6693689.000000
4246		6925611.000000
4247		6610403.000000
4248		6678937.000000
4249		6871499.000000
4250		7236983.000000
4251		6912620.000000
4252		6913754.000000
4253		7008116.000000
4254		7152232.000000
4255		6948735.000000
4256		6900275.000000
4257		6895839.000000
4258		6975161.000000
4259		6893689.000000
4260		6931687.000000
4261		6917844.000000
4262		7009397.000000
4263		6957595.000000
4264		6851752.000000
4265		6975336.000000
4266		6912221.000000
4267		7050706.000000
4268		6851516.000000
4269		6859866.000000
4270		6859361.000000
4271		6947252.000000
4272		7111655.000000
4273		7177731.000000
4274		7000818.000000
4275		7183265.000000
4276		6890925.000000
4277		7114278.000000
4278		6918285.000000
4279		6892288.000000
4280		7262256.000000
4281		6876594.000000
4282		6887747.000000
4283		6855296.000000
4284		7370167.000000
4285		6882477.000000
4286		6882785.000000
4287		6850136.000000
4288		7270891.000000
4289		7216979.000000
4290		6877635.000000
4291		6900214.000000
4292		6942294.000000
4293		7567897.000000
4294		7028090.000000
4295		7412289.000000
4296		7094041.000000
4297		6960111.000000
4298		7196549.000000
4299		6881166.000000
4300		7725871.000000
4301		7104401.000000
4302		6906649.000000
4303		6902098.000000
4304		7048804.000000
4305		6911731.000000
4306		7241164.000000
4307		7371512.000000
4308		7021889.000000
4309		6892076.000000
4310		6966928.000000
4311		6996401.000000
4312		6931679.000000
4313		6955926.000000
4314		7073557.000000
4315		6878947.000000
4316		6869008.000000
4317		6884891.000000
4318		6989440.000000
4319		7030442.000000
4320		6875840.000000
4321		7103709.000000
4322		6929401.000000
4323		7089262.000000
4324		7005079.000000
4325		6975519.000000
4326		6896535.000000
4327		7051215.000000
4328		6630495.000000
4329		6619376.000000
4330		6727984.000000
4331		6596508.000000
4332		6641432.000000
4333		6637281.000000
4334		6613291.000000
4335		6627414.000000
4336		6673514.000000
4337		7221537.000000
4338		7072711.000000
4339		6859950.000000
4340		6975879.000000
4341		7004420.000000
4342		7165404.000000
4343		7169421.